CObject:
1 0 0 50 50 -1 1
1 100 0 50 50 0 1
1 200 0 50 50 0 1
1 300 0 50 50 0 1
1 400 0 50 50 0 1
1 450 0 50 50 0 1
1 500 0 50 50 0 1
3 100 350 50 50 -1 1
3 300 250 50 50 -1 1
1 650 0 50 50 0 1
1 700 0 50 50 0 1
3 400 400 50 50 -1 1
1 800 0 50 50 0 1
1 850 0 50 50 0 1
1 900 0 50 50 0 1
3 200 600 50 50 -1 1
1 1000 0 50 50 0 1
3 250 400 50 50 -1 1
1 1100 0 50 50 0 1
2 600 200 50 50 -1 1
1 1300 0 50 50 0 1
2 600 250 50 50 -1 1
1 1450 0 50 50 0 1
2 600 300 50 50 -1 1
1 1150 0 50 50 0 1
1 1400 0 50 50 0 1
2 600 350 50 50 0 1
2 600 400 50 50 0 1
2 600 450 50 50 0 1
2 600 500 50 50 0 1
2 600 550 50 50 0 1
2 600 600 50 50 0 1
2 600 650 50 50 0 1
2 600 700 50 50 0 1
2 600 750 50 50 0 1
2 600 850 50 50 0 1
2 600 900 50 50 0 1
2 600 950 50 50 0 1
2 600 800 50 50 0 1
CPlayer:
450 700 100 100
CEnemy:
1000 400 50 50 0 5 10 1
1100 350 50 50 0 5 10 1
1250 450 50 50 0 5 10 1
1100 650 50 50 0 5 10 1
800 500 50 50 0 5 10 1
700 400 50 50 0 5 10 1
950 300 50 50 0 5 10 1
1050 450 50 50 0 5 10 1
1100 550 50 50 0 5 10 1
900 550 50 50 0 5 10 1
900 750 50 50 0 5 10 1
1100 800 50 50 0 5 10 1
1250 650 50 50 0 5 10 1
1250 400 50 50 0 5 10 1
1250 300 50 50 0 5 10 1
