CObject:
2 100 150 50 50 2 1
2 200 150 50 50 2 1
2 250 150 50 50 2 1
2 300 150 50 50 2 1
2 350 150 50 50 2 1
2 400 150 50 50 2 1
2 450 150 50 50 2 1
2 500 150 50 50 2 1
2 550 150 50 50 2 1
2 600 150 50 50 2 1
2 650 150 50 50 2 1
2 700 150 50 50 2 1
2 700 200 50 50 2 1
2 700 250 50 50 2 1
2 700 300 50 50 2 1
2 1000 300 50 50 2 1
2 1000 250 50 50 2 1
2 1000 200 50 50 2 1
2 1000 150 50 50 2 1
2 1100 150 50 50 2 1
2 1050 150 50 50 2 1
2 1200 150 50 50 2 1
2 1150 150 50 50 2 1
2 1250 150 50 50 2 1
2 1300 150 50 50 2 1
2 1350 150 50 50 2 1
2 1400 150 50 50 2 1
2 1450 150 50 50 2 1
2 1500 150 50 50 2 1
2 1550 150 50 50 2 1
2 1600 150 50 50 2 1
2 1650 150 50 50 2 1
2 1750 150 50 50 2 1
2 1850 150 50 50 2 1
2 1900 150 50 50 2 1
2 1700 150 50 50 2 1
2 1800 150 50 50 2 1
1 0 150 50 50 2 1
1 50 150 50 50 2 1
1 150 150 50 50 2 1
1 50 100 50 50 2 1
1 0 100 50 50 2 1
1 0 200 50 50 2 1
1 50 200 50 50 2 1
1 100 200 50 50 2 1
1 150 200 50 50 2 1
1 200 200 50 50 2 1
1 300 200 50 50 2 1
1 350 200 50 50 2 1
1 250 200 50 50 2 1
1 400 200 50 50 2 1
1 450 200 50 50 2 1
1 500 200 50 50 2 1
1 550 200 50 50 2 1
1 600 200 50 50 2 1
1 650 200 50 50 2 1
1 650 250 50 50 2 1
1 600 250 50 50 2 1
1 550 250 50 50 2 1
1 500 250 50 50 2 1
1 450 250 50 50 2 1
1 400 250 50 50 2 1
1 350 250 50 50 2 1
1 250 250 50 50 2 1
1 200 250 50 50 2 1
1 150 250 50 50 2 1
1 50 250 50 50 2 1
1 0 250 50 50 2 1
1 0 300 50 50 2 1
1 100 250 50 50 2 1
1 50 300 50 50 2 1
1 150 300 50 50 2 1
1 250 300 50 50 2 1
1 300 250 50 50 2 1
1 200 300 50 50 2 1
1 100 300 50 50 2 1
1 300 300 50 50 2 1
1 350 300 50 50 2 1
1 450 300 50 50 2 1
1 500 300 50 50 2 1
1 550 300 50 50 2 1
1 600 300 50 50 2 1
1 650 300 50 50 2 1
1 400 300 50 50 2 1
1 750 250 50 50 2 1
1 750 300 50 50 2 1
1 800 250 50 50 2 1
1 800 300 50 50 2 1
1 850 250 50 50 2 1
1 850 300 50 50 2 1
1 900 250 50 50 2 1
1 900 300 50 50 2 1
1 950 250 50 50 2 1
1 950 300 50 50 2 1
1 1100 200 50 50 2 1
1 1050 250 50 50 2 1
1 1050 300 50 50 2 1
1 1050 200 50 50 2 1
1 1100 250 50 50 2 1
1 1100 300 50 50 2 1
1 1150 300 50 50 2 1
1 1150 200 50 50 2 1
1 1150 250 50 50 2 1
1 1200 250 50 50 2 1
1 1200 300 50 50 2 1
1 1200 200 50 50 2 1
1 1250 250 50 50 2 1
1 1250 200 50 50 2 1
1 1250 300 50 50 2 1
1 1300 300 50 50 2 1
1 1350 250 50 50 2 1
1 1300 200 50 50 2 1
1 1350 200 50 50 2 1
1 1400 250 50 50 2 1
1 1350 350 50 50 2 1
1 1350 300 50 50 2 1
1 1550 250 50 50 2 1
1 1450 250 50 50 2 1
1 1450 200 50 50 2 1
1 1400 200 50 50 2 1
1 1650 200 50 50 2 1
1 1550 200 50 50 2 1
1 1600 200 50 50 2 1
1 1700 200 50 50 2 1
1 1800 200 50 50 2 1
1 1900 200 50 50 2 1
1 1750 200 50 50 2 1
1 1850 200 50 50 2 1
1 1500 200 50 50 2 1
1 1500 250 50 50 2 1
1 950 350 50 50 2 1
1 400 350 50 50 2 1
1 200 350 50 50 2 1
1 50 350 50 50 2 1
1 450 350 50 50 2 1
1 500 350 50 50 2 1
1 550 350 50 50 2 1
1 600 350 50 50 2 1
1 650 350 50 50 2 1
1 700 400 50 50 2 1
1 750 400 50 50 2 1
1 850 400 50 50 2 1
1 800 350 50 50 2 1
1 900 350 50 50 2 1
1 700 350 50 50 2 1
1 750 350 50 50 2 1
1 850 350 50 50 2 1
1 800 400 50 50 2 1
1 900 400 50 50 2 1
1 950 400 50 50 2 1
1 1000 350 50 50 2 1
1 1050 350 50 50 2 1
1 900 450 50 50 2 1
1 850 450 50 50 2 1
1 800 450 50 50 2 1
1 950 550 50 50 2 1
1 1000 550 50 50 2 1
1 950 500 50 50 2 1
1 1050 500 50 50 2 1
1 1050 550 50 50 2 1
1 1000 500 50 50 2 1
1 900 500 50 50 2 1
1 850 500 50 50 2 1
1 750 500 50 50 2 1
1 750 450 50 50 2 1
1 800 500 50 50 2 1
1 900 550 50 50 2 1
1 850 550 50 50 2 1
1 800 550 50 50 2 1
1 750 550 50 50 2 1
1 700 500 50 50 2 1
1 650 550 50 50 2 1
1 700 550 50 50 2 1
1 750 600 50 50 2 1
1 750 650 50 50 2 1
1 900 600 50 50 2 1
1 900 650 50 50 2 1
1 900 700 50 50 2 1
1 900 750 50 50 2 1
1 550 400 50 50 2 1
1 600 400 50 50 2 1
1 700 450 50 50 2 1
1 650 400 50 50 2 1
1 300 350 50 50 2 1
1 250 350 50 50 2 1
1 100 350 50 50 2 1
1 0 350 50 50 2 1
1 150 350 50 50 2 1
1 350 350 50 50 2 1
2 150 600 50 50 2 1
2 150 650 50 50 2 1
2 200 600 50 50 2 1
2 200 650 50 50 2 1
2 450 900 50 50 2 1
2 450 950 50 50 2 1
2 500 900 50 50 2 1
2 500 950 50 50 2 1
2 1450 550 50 50 2 1
2 1450 600 50 50 2 1
2 1500 550 50 50 2 1
2 1500 600 50 50 2 1
2 1050 750 100 100 2 1
1 1300 750 100 100 2 1
1 1600 850 60 60 2 1
1 1650 850 60 60 2 1
1 1600 900 60 60 2 1
1 1650 900 60 60 2 1
14 0 1000 50 50 2 1
14 0 1050 50 50 2 1
14 50 1000 50 50 2 1
14 50 1050 50 50 2 1
14 100 1000 50 50 2 1
14 100 1050 50 50 2 1
14 150 1000 50 50 2 1
14 150 1050 50 50 2 1
14 200 1000 50 50 2 1
14 200 1050 50 50 2 1
14 250 1000 50 50 2 1
14 300 1000 50 50 2 1
14 300 1050 50 50 2 1
14 250 1050 50 50 2 1
14 350 1000 50 50 2 1
14 350 1050 50 50 2 1
14 400 1000 50 50 2 1
14 400 1050 50 50 2 1
14 450 1000 50 50 2 1
14 450 1050 50 50 2 1
14 500 1000 50 50 2 1
14 500 1050 50 50 2 1
14 550 1000 50 50 2 1
14 550 1050 50 50 2 1
14 600 1000 50 50 2 1
14 600 1050 50 50 2 1
14 650 1000 50 50 2 1
14 650 1050 50 50 2 1
14 700 1000 50 50 2 1
14 700 1050 50 50 2 1
14 750 1000 50 50 2 1
14 750 1050 50 50 2 1
14 800 1000 50 50 2 1
14 800 1050 50 50 2 1
14 850 1000 50 50 2 1
14 850 1050 50 50 2 1
14 900 1000 50 50 2 1
14 900 1050 50 50 2 1
14 950 1000 50 50 2 1
14 950 1050 50 50 2 1
14 1000 1000 50 50 2 1
14 1000 1050 50 50 2 1
14 1050 1000 50 50 2 1
14 1050 1050 50 50 2 1
14 1100 1000 50 50 2 1
14 1100 1050 50 50 2 1
14 1150 1050 50 50 2 1
14 1150 1000 50 50 2 1
14 1200 1000 50 50 2 1
14 1200 1050 50 50 2 1
14 1250 1050 50 50 2 1
14 1250 1000 50 50 2 1
14 1300 1000 50 50 2 1
14 1300 1050 50 50 2 1
14 1350 1050 50 50 2 1
14 1350 1000 50 50 2 1
14 1400 1000 50 50 2 1
14 1400 1050 50 50 2 1
14 1450 1000 50 50 2 1
14 1500 1050 50 50 2 1
15 1450 1050 50 50 2 1
14 1500 1000 50 50 2 1
14 1550 1050 50 50 2 1
14 1550 1000 50 50 2 1
14 1600 1050 50 50 2 1
14 1600 1000 50 50 2 1
15 1750 1050 50 50 2 1
14 1650 1050 50 50 2 1
14 1700 1050 50 50 2 1
14 1700 1000 50 50 2 1
14 1750 1000 50 50 2 1
15 1800 1000 50 50 2 1
15 1650 1000 50 50 2 1
14 1800 1050 50 50 2 1
14 1850 1050 50 50 2 1
14 1900 1000 50 50 2 1
14 1850 1000 50 50 2 1
14 1900 1050 50 50 2 1
15 1900 950 50 50 2 1
15 1900 900 50 50 2 1
15 1850 900 50 50 2 1
15 1850 950 50 50 2 1
15 1900 800 50 50 2 1
15 1900 850 50 50 2 1
15 1850 850 50 50 2 1
15 1850 750 50 50 2 1
15 1900 600 50 50 2 1
15 1900 650 50 50 2 1
15 1900 700 50 50 2 1
15 1900 750 50 50 2 1
15 1900 550 50 50 2 1
15 1900 500 50 50 2 1
15 1900 450 50 50 2 1
15 1900 350 50 50 2 1
15 1900 300 50 50 2 1
15 1900 250 50 50 2 1
15 1900 400 50 50 2 1
15 1900 0 50 50 2 1
15 1900 50 50 50 2 1
15 1900 100 50 50 2 1
15 1850 50 50 50 2 1
15 1850 0 50 50 2 1
15 1800 50 50 50 2 1
15 1850 100 50 50 2 1
15 1750 0 50 50 2 1
15 1800 0 50 50 2 1
15 1750 50 50 50 2 1
15 1700 50 50 50 2 1
15 1800 100 50 50 2 1
15 1750 100 50 50 2 1
15 1800 300 50 50 2 1
15 1850 300 50 50 2 1
15 1850 250 50 50 2 1
15 1850 350 50 50 2 1
15 1850 450 50 50 2 1
15 1850 500 50 50 2 1
15 1850 550 50 50 2 1
15 1800 600 50 50 2 1
15 1850 600 50 50 2 1
15 1800 650 50 50 2 1
15 1850 700 50 50 2 1
15 1800 750 50 50 2 1
15 1800 850 50 50 2 1
15 1750 900 50 50 2 1
15 1800 950 50 50 2 1
15 1800 500 50 50 2 1
15 1750 450 50 50 2 1
15 1800 350 50 50 2 1
15 1750 250 50 50 2 1
15 1800 250 50 50 2 1
15 1850 400 50 50 2 1
15 1500 100 50 50 2 1
15 1050 50 50 50 2 1
15 1050 100 50 50 2 1
15 800 100 50 50 2 1
15 600 50 50 50 2 1
15 350 100 50 50 2 1
15 200 50 50 50 2 1
15 0 0 50 50 2 1
15 150 0 50 50 2 1
15 50 50 50 50 2 1
15 200 0 50 50 2 1
14 50 950 50 50 2 1
14 0 950 50 50 2 1
14 100 900 50 50 2 1
14 150 950 50 50 2 1
14 250 950 50 50 2 1
14 300 950 50 50 2 1
14 350 950 50 50 2 1
14 550 950 50 50 2 1
14 700 950 50 50 2 1
14 750 900 50 50 2 1
14 650 900 50 50 2 1
14 800 950 50 50 2 1
14 950 950 50 50 2 1
14 1000 950 50 50 2 1
14 1150 900 50 50 2 1
14 1300 950 50 50 2 1
14 1450 950 50 50 2 1
14 1550 950 50 50 2 1
14 1550 900 50 50 2 1
14 1650 950 50 50 2 1
14 1350 950 50 50 2 1
14 1300 900 50 50 2 1
14 1150 950 50 50 2 1
14 100 700 50 50 2 1
14 200 700 50 50 2 1
14 250 700 50 50 2 1
14 250 600 50 50 2 1
14 250 550 50 50 2 1
14 250 650 50 50 2 1
14 100 650 50 50 2 1
14 100 600 50 50 2 1
14 100 550 50 50 2 1
14 150 550 50 50 2 1
14 200 550 50 50 2 1
14 150 700 50 50 2 1
14 300 500 50 50 2 1
14 50 650 50 50 2 1
14 250 800 50 50 2 1
14 1000 750 50 50 2 1
14 1000 700 50 50 2 1
14 1100 700 50 50 2 1
14 1150 700 50 50 2 1
14 1150 750 50 50 2 1
14 1150 850 50 50 2 1
14 1050 850 50 50 2 1
14 1000 800 50 50 2 1
14 1000 850 50 50 2 1
14 1100 850 50 50 2 1
14 1150 800 50 50 2 1
14 1050 700 50 50 2 1
14 950 750 50 50 2 1
14 950 850 50 50 2 1
14 1150 650 50 50 2 1
14 1200 700 50 50 2 1
14 1400 550 50 50 2 1
14 1400 600 50 50 2 1
14 1400 650 50 50 2 1
14 1450 650 50 50 2 1
14 1500 650 50 50 2 1
14 1550 650 50 50 2 1
14 1550 600 50 50 2 1
14 1550 550 50 50 2 1
14 1500 500 50 50 2 1
14 1450 500 50 50 2 1
14 1400 500 50 50 2 1
14 1550 500 50 50 2 1
14 1350 500 50 50 2 1
14 1300 600 50 50 2 1
14 1600 700 50 50 2 1
14 1650 550 50 50 2 1
14 1500 400 50 50 2 1
14 650 450 50 50 2 1
14 650 500 50 50 2 1
14 550 450 50 50 2 1
14 500 400 50 50 2 1
14 600 600 50 50 2 1
14 650 650 50 50 2 1
14 650 600 50 50 2 1
14 700 650 50 50 2 1
14 700 600 50 50 2 1
14 850 600 50 50 2 1
14 800 600 50 50 2 1
14 750 700 50 50 2 1
14 700 700 50 50 2 1
14 950 650 50 50 2 1
14 1000 600 50 50 2 1
14 1050 600 50 50 2 1
14 1100 450 50 50 2 1
14 1000 450 50 50 2 1
14 950 450 50 50 2 1
14 1300 250 50 50 2 1
14 1600 250 50 50 2 1
14 1550 300 50 50 2 1
14 1500 300 50 50 2 1
14 1200 350 50 50 2 1
14 1100 350 50 50 2 1
14 1050 400 50 50 2 1
14 50 400 50 50 2 1
14 200 400 50 50 2 1
14 350 400 50 50 2 1
14 250 500 50 50 2 1
4 550 0 50 50 2 1
4 600 0 50 50 2 1
4 650 0 50 50 2 1
4 700 0 50 50 2 1
4 750 0 50 50 2 1
4 850 0 50 50 2 1
4 950 0 50 50 2 1
4 1050 0 50 50 2 1
4 1100 0 50 50 2 1
4 1150 0 50 50 2 1
4 1200 0 50 50 2 1
4 900 0 50 50 2 1
4 800 0 50 50 2 1
4 1000 0 50 50 2 1
5 300 50 50 50 2 1
5 1550 50 50 50 2 1
8 650 50 50 50 2 1
8 1100 50 50 50 2 1
6 400 700 50 50 2 1
6 850 850 50 50 2 1
7 300 900 50 50 2 1
7 1300 100 50 50 2 1
7 600 800 50 50 2 1
13 1250 100 50 50 2 1
15 150 100 50 50 2 1
15 1600 0 50 50 2 1
CEnemy:
1500 466 75 75 20 6 12 3
