CObject:
16 100 650 50 50 2 1
16 100 700 50 50 2 1
16 100 750 50 50 2 1
16 100 800 50 50 2 1
16 100 850 50 50 2 1
16 150 850 50 50 2 1
16 200 850 50 50 2 1
16 250 850 50 50 2 1
16 300 850 50 50 2 1
16 300 800 50 50 2 1
16 300 750 50 50 2 1
16 300 700 50 50 2 1
16 300 650 50 50 2 1
16 250 650 50 50 2 1
16 200 650 50 50 2 1
16 150 650 50 50 2 1
16 650 700 50 50 2 1
16 650 750 50 50 2 1
16 650 800 50 50 2 1
16 1200 50 50 50 2 1
16 750 800 50 50 2 1
16 750 750 50 50 2 1
16 750 700 50 50 2 1
16 700 700 50 50 2 1
16 700 800 50 50 2 1
16 1250 50 50 50 2 1
16 1300 50 50 50 2 1
16 1350 50 50 50 2 1
16 1350 100 50 50 2 1
16 1350 150 50 50 2 1
16 1350 200 50 50 2 1
16 1300 200 50 50 2 1
16 1250 200 50 50 2 1
16 1200 200 50 50 2 1
16 1200 100 50 50 2 1
16 1200 150 50 50 2 1
2 150 700 50 50 2 1
2 150 750 50 50 2 1
2 150 800 50 50 2 1
2 200 700 50 50 2 1
2 200 750 50 50 2 1
2 200 800 50 50 2 1
2 250 700 50 50 2 1
2 250 750 50 50 2 1
2 250 800 50 50 2 1
2 700 750 50 50 2 1
2 1250 100 100 100 2 1
2 150 150 50 50 2 1
2 150 200 50 50 2 1
2 200 150 50 50 2 1
2 200 200 50 50 2 1
16 100 250 50 50 2 1
16 150 250 50 50 2 1
16 200 250 50 50 2 1
16 250 250 50 50 19 1
16 250 200 50 50 2 1
16 250 150 50 50 2 1
16 250 100 50 50 2 1
16 200 100 50 50 2 1
16 150 100 50 50 2 1
16 100 100 50 50 2 1
16 100 150 50 50 2 1
16 100 200 50 50 2 1
4 0 50 50 50 19 1
4 0 100 50 50 19 1
4 0 150 50 50 19 1
4 0 200 50 50 19 1
4 0 250 50 50 19 1
4 0 300 50 50 19 1
4 0 350 50 50 19 1
4 0 400 50 50 19 1
4 0 450 50 50 19 1
4 0 500 50 50 19 1
4 0 550 50 50 19 1
4 0 600 50 50 19 1
4 0 650 50 50 19 1
4 0 700 50 50 19 1
4 0 750 50 50 19 1
4 0 800 50 50 19 1
4 0 850 50 50 19 1
4 0 950 50 50 19 1
4 0 900 50 50 19 1
4 0 1000 50 50 19 1
4 0 1050 50 50 19 1
4 50 1050 50 50 19 1
4 50 1000 50 50 19 1
4 100 1050 50 50 19 1
10 50 300 50 50 19 1
10 50 500 50 50 19 1
10 50 850 50 50 19 1
9 50 600 50 50 19 1
9 50 200 50 50 19 1
CEnemy:
1055 806 150 150 0 5 10 1
450 150 50 50 0 5 10 1
550 150 50 50 0 5 10 1
700 100 50 50 0 5 10 1
850 100 50 50 0 5 10 1
500 100 50 50 0 5 10 1
500 150 50 50 0 5 10 1
900 200 50 50 0 5 10 1
1050 100 50 50 0 5 10 1
1000 100 50 50 0 5 10 1
800 150 50 50 0 5 10 1
700 150 50 50 0 5 10 1
600 150 50 50 0 5 10 1
350 50 50 50 0 5 10 1
200 50 50 50 0 5 10 1
400 50 50 50 0 5 10 1
750 50 50 50 0 5 10 1
950 50 50 50 0 5 10 1
1050 50 50 50 0 5 10 1
1100 200 50 50 0 5 10 1
950 200 50 50 0 5 10 1
750 200 50 50 0 5 10 1
