CObject:
2 0 0 50 50 2 1
2 100 50 50 50 2 1
2 50 0 50 50 2 1
2 50 50 50 50 2 1
2 0 50 50 50 2 1
2 150 50 50 50 2 1
17 0 1000 50 50 2 1
2 150 0 50 50 2 1
2 100 0 50 50 2 1
2 800 0 50 50 2 1
2 500 50 50 50 2 1
2 550 50 50 50 2 1
2 550 0 50 50 2 1
2 600 0 50 50 2 1
2 500 0 50 50 2 1
2 650 0 50 50 2 1
2 600 50 50 50 2 1
2 700 50 50 50 2 1
2 700 0 50 50 2 1
2 750 0 50 50 2 1
2 650 50 50 50 2 1
2 200 0 50 50 2 1
2 450 0 50 50 2 1
17 0 1050 50 50 2 1
17 50 1000 50 50 2 1
17 50 1050 50 50 2 1
17 100 1000 50 50 2 1
17 100 1050 50 50 2 1
17 150 1000 50 50 2 1
17 150 1050 50 50 2 1
17 200 1000 50 50 2 1
17 250 1050 50 50 2 1
17 250 1000 50 50 2 1
17 200 1050 50 50 2 1
17 300 1000 50 50 2 1
17 300 1050 50 50 2 1
17 350 1000 50 50 2 1
17 350 1050 50 50 2 1
17 400 1000 50 50 2 1
17 400 1050 50 50 2 1
17 450 1000 50 50 2 1
17 500 1050 50 50 2 1
17 500 1000 50 50 2 1
17 450 1050 50 50 2 1
17 550 1000 50 50 2 1
17 550 1050 50 50 2 1
17 600 1000 50 50 2 1
17 600 1050 50 50 2 1
17 650 1000 50 50 2 1
17 650 1050 50 50 2 1
17 750 1000 50 50 2 1
17 750 1050 50 50 2 1
17 700 1000 50 50 2 1
17 700 1050 50 50 2 1
17 800 1000 50 50 2 1
17 800 1050 50 50 2 1
17 850 1000 50 50 2 1
17 850 1050 50 50 2 1
17 900 1000 50 50 2 1
17 900 1050 50 50 2 1
17 950 1000 50 50 2 1
17 950 1050 50 50 2 1
17 1000 1000 50 50 2 1
17 1000 1050 50 50 2 1
17 1050 1000 50 50 2 1
17 1050 1050 50 50 2 1
17 1100 1000 50 50 2 1
17 1100 1050 50 50 2 1
17 1150 1050 50 50 2 1
17 1150 1000 50 50 2 1
17 1200 1000 50 50 2 1
17 1200 1050 50 50 2 1
17 1250 1050 50 50 2 1
17 1250 1000 50 50 2 1
17 1300 1050 50 50 2 1
17 1300 1000 50 50 2 1
17 1350 1050 50 50 2 1
17 1350 1000 50 50 2 1
17 1400 1000 50 50 2 1
17 1400 1050 50 50 2 1
17 1450 1000 50 50 2 1
17 1450 1050 50 50 2 1
17 1500 1000 50 50 2 1
17 1500 1050 50 50 2 1
17 1550 1050 50 50 2 1
17 1550 1000 50 50 2 1
17 1600 1050 50 50 2 1
17 1600 1000 50 50 2 1
17 1650 1000 50 50 2 1
17 1650 1050 50 50 2 1
17 1700 1050 50 50 2 1
17 1750 1000 50 50 2 1
17 1700 1000 50 50 2 1
17 1750 1050 50 50 2 1
17 1800 1050 50 50 2 1
14 1800 1000 50 50 2 1
14 1850 1000 50 50 2 1
14 1850 1050 50 50 2 1
14 1900 1000 50 50 2 1
14 1900 1050 50 50 2 1
14 1900 900 50 50 2 1
14 1900 850 50 50 2 1
14 1900 950 50 50 2 1
14 1900 750 50 50 2 1
14 1900 700 50 50 2 1
14 1900 600 50 50 2 1
14 1900 500 50 50 2 1
14 1900 400 50 50 2 1
14 1900 300 50 50 2 1
14 1900 150 50 50 2 1
14 1900 0 50 50 2 1
14 1900 250 50 50 2 1
14 1900 650 50 50 2 1
14 1900 800 50 50 2 1
14 1900 350 50 50 2 1
14 1900 50 50 50 2 1
14 1900 100 50 50 2 1
14 1900 200 50 50 2 1
14 1900 450 50 50 2 1
14 1900 550 50 50 2 1
14 1850 550 50 50 2 1
14 1850 600 50 50 2 1
14 1850 500 50 50 2 1
14 1850 400 50 50 2 1
14 1850 250 50 50 2 1
14 1850 100 50 50 2 1
14 1850 50 50 50 2 1
14 1850 0 50 50 2 1
14 1850 150 50 50 2 1
14 1850 350 50 50 2 1
14 1850 200 50 50 2 1
14 1850 300 50 50 2 1
14 1850 450 50 50 2 1
14 1850 650 50 50 2 1
14 1850 750 50 50 2 1
14 1850 800 50 50 2 1
14 1850 900 50 50 2 1
14 1850 950 50 50 2 1
14 1850 850 50 50 2 1
14 1850 700 50 50 2 1
14 1800 600 50 50 2 1
14 1800 400 50 50 2 1
14 1800 200 50 50 2 1
14 1750 50 50 50 2 1
14 1800 50 50 50 2 1
14 1800 150 50 50 2 1
14 1750 250 50 50 2 1
14 1750 450 50 50 2 1
14 1800 550 50 50 2 1
14 1800 650 50 50 2 1
14 1750 750 50 50 2 1
14 1800 800 50 50 2 1
14 1800 850 50 50 2 1
14 1750 900 50 50 2 1
14 1800 900 50 50 2 1
14 1800 750 50 50 2 1
14 1750 400 50 50 2 1
14 1800 300 50 50 2 1
14 1750 100 50 50 2 1
14 1750 0 50 50 2 1
14 1800 0 50 50 2 1
14 1700 350 50 50 2 1
14 1700 400 50 50 2 1
14 1650 550 50 50 2 1
14 1650 150 50 50 2 1
14 1650 100 50 50 2 1
14 1700 50 50 50 2 1
14 1700 150 50 50 2 1
14 1750 650 50 50 2 1
14 1750 850 50 50 2 1
14 1700 850 50 50 2 1
14 1650 850 50 50 2 1
14 1700 800 50 50 2 1
14 1700 700 50 50 2 1
2 100 200 50 50 2 1
2 100 250 50 50 2 1
2 150 200 50 50 2 1
16 50 300 50 50 2 1
2 150 250 50 50 2 1
16 100 300 50 50 2 1
16 150 300 50 50 2 1
16 200 300 50 50 2 1
16 200 250 50 50 2 1
16 200 200 50 50 2 1
16 200 150 50 50 2 1
16 150 150 50 50 2 1
16 100 150 50 50 2 1
16 50 150 50 50 2 1
16 50 200 50 50 2 1
16 50 250 50 50 2 1
2 300 450 50 50 2 1
2 350 500 50 50 2 1
2 350 550 50 50 2 1
2 350 600 50 50 2 1
2 300 650 50 50 2 1
2 600 200 50 50 2 1
2 650 250 50 50 2 1
2 650 300 50 50 2 1
2 650 350 50 50 2 1
2 600 400 50 50 2 1
2 550 600 50 50 2 1
2 600 650 50 50 2 1
2 600 700 50 50 2 1
2 600 750 50 50 2 1
2 600 800 50 50 2 1
2 550 850 50 50 2 1
2 950 150 50 50 2 1
2 1000 200 50 50 2 1
2 1050 250 50 50 2 1
2 1050 300 50 50 2 1
2 1050 350 50 50 2 1
2 1050 400 50 50 2 1
2 1000 450 50 50 2 1
2 950 750 50 50 2 1
2 950 500 50 50 2 1
2 1000 700 50 50 2 1
2 1050 750 50 50 2 1
2 1100 800 50 50 2 1
16 550 900 50 50 2 1
2 1150 850 50 50 2 1
2 1200 900 50 50 2 1
2 1150 950 50 50 2 1
16 600 850 50 50 2 1
16 650 800 50 50 2 1
16 650 750 50 50 2 1
16 650 700 50 50 2 1
16 650 650 50 50 2 1
16 600 600 50 50 2 1
16 550 550 50 50 2 1
16 600 450 50 50 2 1
16 650 400 50 50 2 1
16 700 350 50 50 2 1
16 700 300 50 50 2 1
16 700 250 50 50 2 1
16 650 200 50 50 2 1
16 600 150 50 50 2 1
16 950 550 50 50 2 1
16 1000 500 50 50 2 1
16 1050 450 50 50 2 1
16 1100 400 50 50 2 1
16 1100 350 50 50 2 1
16 1100 300 50 50 2 1
16 1100 250 50 50 2 1
16 1050 200 50 50 2 1
16 1000 150 50 50 2 1
16 950 100 50 50 2 1
16 900 750 50 50 2 1
16 950 700 50 50 2 1
16 1000 650 50 50 2 1
16 1050 700 50 50 2 1
16 1100 750 50 50 2 1
16 1150 800 50 50 2 1
16 1200 850 50 50 2 1
16 1250 900 50 50 2 1
16 1200 950 50 50 2 1
16 300 400 50 50 2 1
16 350 450 50 50 2 1
16 400 500 50 50 2 1
16 400 550 50 50 2 1
16 400 600 50 50 2 1
16 350 650 50 50 2 1
16 300 700 50 50 2 1
8 50 450 50 50 2 1
8 50 750 50 50 2 1
8 50 900 50 50 2 1
11 50 600 50 50 2 1
5 500 750 50 50 2 1
5 550 300 50 50 2 1
5 900 300 50 50 2 1
5 1000 850 50 50 2 1
15 0 350 50 50 2 1
15 0 400 50 50 2 1
15 0 450 50 50 2 1
15 0 500 50 50 2 1
15 0 550 50 50 2 1
15 0 650 50 50 2 1
15 0 750 50 50 2 1
15 0 800 50 50 2 1
15 0 850 50 50 2 1
15 0 900 50 50 2 1
15 0 950 50 50 2 1
15 0 600 50 50 2 1
15 0 1000 50 50 2 1
15 0 1050 50 50 2 1
15 0 300 50 50 2 1
15 50 1050 50 50 2 1
15 50 1000 50 50 2 1
15 100 1000 50 50 2 1
15 100 1050 50 50 2 1
15 150 1050 50 50 2 1
15 0 200 50 50 2 1
15 0 100 50 50 2 1
15 0 150 50 50 2 1
15 0 250 50 50 2 1
15 0 700 50 50 2 1
15 150 1000 50 50 2 1
15 50 950 50 50 2 1
15 100 900 50 50 2 1
15 100 850 50 50 2 1
15 50 850 50 50 2 1
15 100 950 50 50 2 1
15 100 800 50 50 2 1
15 50 800 50 50 2 1
15 100 700 50 50 2 1
15 100 650 50 50 2 1
15 50 650 50 50 2 1
15 50 700 50 50 2 1
15 100 750 50 50 2 1
15 100 600 50 50 2 1
15 100 550 50 50 2 1
15 50 550 50 50 2 1
15 100 400 50 50 2 1
15 50 350 50 50 2 1
15 100 350 50 50 2 1
15 50 400 50 50 2 1
15 100 450 50 50 2 1
15 100 500 50 50 2 1
15 50 500 50 50 2 1
15 50 100 50 50 2 1
15 150 100 50 50 2 1
15 200 100 50 50 2 1
15 100 100 50 50 2 1
2 800 50 50 50 2 1
2 850 0 50 50 2 1
2 750 50 50 50 2 1
2 950 0 50 50 2 1
2 1000 0 50 50 2 1
2 1100 0 50 50 2 1
2 1050 0 50 50 2 1
2 900 0 50 50 2 1
2 1200 0 50 50 2 1
2 1250 0 50 50 2 1
2 1400 0 50 50 2 1
2 1150 0 50 50 2 1
2 1350 0 50 50 2 1
2 1450 0 50 50 2 1
2 1300 0 50 50 2 1
1 850 50 50 50 2 1
1 900 50 50 50 2 1
1 950 50 50 50 2 1
1 1050 50 50 50 2 1
1 1100 50 50 50 2 1
1 1000 50 50 50 2 1
1 1200 50 50 50 2 1
1 1300 50 50 50 2 1
1 1150 50 50 50 2 1
1 1250 50 50 50 2 1
1 1400 50 50 50 2 1
1 1500 0 50 50 2 1
1 1550 0 50 50 2 1
1 1650 0 50 50 2 1
1 1700 0 50 50 2 1
1 1600 0 50 50 2 1
1 1500 50 50 50 2 1
1 1350 50 50 50 2 1
1 1450 50 50 50 2 1
1 1150 100 50 50 2 1
1 1100 100 50 50 2 1
1 1250 100 50 50 2 1
1 1400 100 50 50 2 1
1 1550 50 50 50 2 1
1 1600 50 50 50 2 1
1 1450 100 50 50 2 1
1 1350 100 50 50 2 1
1 150 950 50 50 2 1
1 200 950 50 50 2 1
1 250 950 50 50 2 1
1 300 950 50 50 2 1
1 400 950 50 50 2 1
1 450 950 50 50 2 1
1 350 950 50 50 2 1
1 500 950 50 50 2 1
1 600 950 50 50 2 1
1 650 950 50 50 2 1
1 550 950 50 50 2 1
1 700 950 50 50 2 1
1 750 950 50 50 2 1
1 800 950 50 50 2 1
1 850 950 50 50 2 1
1 900 950 50 50 2 1
1 1000 950 50 50 2 1
1 1050 950 50 50 2 1
1 1100 950 50 50 2 1
1 950 950 50 50 2 1
1 1300 950 50 50 2 1
1 1350 950 50 50 2 1
1 1400 950 50 50 2 1
1 1250 950 50 50 2 1
1 1450 950 50 50 2 1
1 1350 200 100 100 2 1
1 1600 950 50 50 2 1
1 1650 950 50 50 2 1
1 1700 950 50 50 2 1
1 1500 300 100 100 2 1
1 1400 150 50 50 2 1
1 1450 150 50 50 2 1
1 1350 150 50 50 2 1
1 1400 750 100 100 2 1
1 1500 900 100 100 2 1
1 1450 200 50 50 2 1
1 1500 650 100 100 2 1
1 1350 450 100 100 2 1
1 1350 300 50 50 2 1
1 1450 250 50 50 2 1
16 1350 600 50 50 2 1
1 1350 350 50 50 2 1
1 1450 300 50 50 2 1
1 1300 350 50 50 2 1
1 1400 300 50 50 2 1
1 1300 250 50 50 2 1
1 1300 400 50 50 2 1
1 1300 500 50 50 2 1
1 1350 500 50 50 2 1
1 1300 450 50 50 2 1
1 1350 450 50 50 2 1
1 1400 400 50 50 2 1
1 1350 400 50 50 2 1
1 1450 400 50 50 2 1
1 1400 450 50 50 2 1
1 1450 350 50 50 2 1
1 1450 450 50 50 2 1
1 1450 500 50 50 2 1
1 1450 550 50 50 2 1
1 1450 600 50 50 2 1
1 1500 400 50 50 2 1
1 1500 500 50 50 2 1
1 1500 550 50 50 2 1
16 1400 350 50 50 2 1
1 1400 600 50 50 2 1
1 1400 500 50 50 2 1
1 1400 550 50 50 2 1
1 1350 550 50 50 2 1
1 1350 650 50 50 2 1
1 1350 700 50 50 2 1
1 1400 650 50 50 2 1
1 1450 650 50 50 2 1
1 1450 700 50 50 2 1
1 1300 400 100 100 2 1
1 1400 700 50 50 2 1
1 1350 800 50 50 2 1
1 1400 850 50 50 2 1
1 1450 850 50 50 2 1
1 1350 750 50 50 2 1
1 1300 750 50 50 2 1
1 1350 850 50 50 2 1
1 1350 900 50 50 2 1
1 1300 700 50 50 2 1
1 1300 600 50 50 2 1
1 1300 550 50 50 2 1
1 1300 650 50 50 2 1
1 1300 900 50 50 2 1
1 1300 800 50 50 2 1
1 1300 850 50 50 2 1
1 1450 900 50 50 2 1
1 1500 750 50 50 2 1
1 1500 600 50 50 2 1
1 1550 500 50 50 2 1
1 1550 300 50 50 2 1
1 1500 150 50 50 2 1
1 1500 200 50 50 2 1
1 1500 250 50 50 2 1
1 1550 350 50 50 2 1
1 1550 400 50 50 2 1
1 1550 550 50 50 2 1
1 1600 600 50 50 2 1
1 1550 700 50 50 2 1
1 1550 750 50 50 2 1
1 1500 850 50 50 2 1
1 1400 900 50 50 2 1
1 1550 800 50 50 2 1
1 1550 850 50 50 2 1
1 1300 200 50 50 2 1
1 1300 150 50 50 2 1
1 1300 300 50 50 2 1
1 1250 250 50 50 2 1
1 1250 400 50 50 2 1
1 1250 550 50 50 2 1
1 1250 650 50 50 2 1
1 1250 750 50 50 2 1
1 1200 650 50 50 2 1
1 1200 450 50 50 2 1
1 1200 300 50 50 2 1
1 1250 200 50 50 2 1
1 1200 500 50 50 2 1
1 750 100 50 50 2 1
1 800 100 50 50 2 1
1 750 150 50 50 2 1
1 800 150 50 50 2 1
1 800 200 50 50 2 1
1 800 250 50 50 2 1
1 750 250 50 50 2 1
1 750 200 50 50 2 1
1 750 300 50 50 2 1
1 800 300 50 50 2 1
1 800 350 50 50 2 1
1 750 400 50 50 2 1
1 750 450 50 50 2 1
1 800 500 50 50 2 1
1 750 600 50 50 2 1
1 750 550 50 50 2 1
1 800 600 50 50 2 1
1 800 700 50 50 2 1
1 750 750 50 50 2 1
1 750 800 50 50 2 1
1 800 850 50 50 2 1
1 750 900 50 50 2 1
1 800 750 50 50 2 1
1 750 700 50 50 2 1
1 800 650 50 50 2 1
1 750 650 50 50 2 1
16 1500 800 50 50 2 1
16 1300 100 50 50 2 1
CEnemy:
