CObject:
4 250 0 50 50 2 1
4 300 0 50 50 2 1
4 350 0 50 50 2 1
4 400 0 50 50 2 1
16 200 50 50 50 2 1
16 250 50 50 50 2 1
16 300 50 50 50 2 1
16 350 50 50 50 2 1
16 400 50 50 50 2 1
16 450 50 50 50 2 1
11 1800 450 50 50 10 3
8 1800 300 50 50 10 3
8 1800 650 50 50 10 3
8 1800 800 50 50 10 3
9 0 800 50 50 10 3
9 50 550 50 50 10 3
9 50 400 50 50 10 3
10 100 950 50 50 10 3
10 0 450 50 50 10 3
10 1800 550 50 50 10 3
CEnemy:
0 200 50 50 0 5 10 1
0 300 50 50 0 5 10 1
0 350 50 50 0 5 10 3
50 450 50 50 0 5 10 3
0 500 50 50 0 5 10 3
100 500 50 50 0 5 10 3
100 550 50 50 0 5 10 3
50 650 50 50 0 5 10 3
0 700 50 50 0 5 10 3
100 850 50 50 0 5 10 3
100 750 50 50 0 5 10 3
50 850 50 50 0 5 10 3
0 950 50 50 0 5 10 3
150 550 50 50 0 5 10 3
100 350 50 50 0 5 10 3
50 300 50 50 0 5 10 3
100 650 50 50 0 5 10 3
150 750 50 50 0 5 10 3
