CObject:
3 0 1000 50 50 2 1
3 0 1050 50 50 2 1
3 50 1000 50 50 2 1
3 50 1050 50 50 2 1
3 100 1000 50 50 2 1
3 100 1050 50 50 2 1
3 150 1000 50 50 2 1
3 150 1050 50 50 2 1
3 200 1000 50 50 2 1
3 200 900 50 50 2 1
3 150 900 50 50 2 1
3 0 900 50 50 2 1
3 150 950 50 50 2 1
3 250 950 50 50 2 1
3 200 950 50 50 2 1
3 100 900 50 50 2 1
3 100 950 50 50 2 1
3 50 900 50 50 2 1
3 50 950 50 50 2 1
3 0 950 50 50 2 1
3 0 850 50 50 2 1
3 100 850 50 50 2 1
3 150 850 50 50 2 1
3 50 850 50 50 2 1
3 200 850 50 50 2 1
3 250 800 50 50 2 1
3 250 750 50 50 2 1
3 200 800 50 50 2 1
3 50 800 50 50 2 1
3 0 800 50 50 2 1
3 200 750 50 50 2 1
3 250 700 50 50 2 1
3 250 650 50 50 2 1
3 300 600 50 50 2 1
3 250 600 50 50 2 1
3 150 700 50 50 2 1
3 100 750 50 50 2 1
3 50 750 50 50 2 1
3 0 700 50 50 2 1
3 150 650 50 50 2 1
3 150 750 50 50 2 1
3 150 800 50 50 2 1
3 100 800 50 50 2 1
3 0 750 50 50 2 1
3 50 700 50 50 2 1
3 200 650 50 50 2 1
3 200 700 50 50 2 1
3 100 700 50 50 2 1
3 100 650 50 50 2 1
3 50 650 50 50 2 1
3 0 650 50 50 2 1
3 200 600 50 50 2 1
3 100 600 50 50 2 1
3 50 600 50 50 2 1
3 150 600 50 50 2 1
3 0 600 50 50 2 1
17 0 500 50 50 2 1
17 0 550 50 50 2 1
17 50 500 50 50 2 1
17 50 550 50 50 2 1
17 100 500 50 50 2 1
17 100 550 50 50 2 1
17 150 500 50 50 2 1
3 300 700 50 50 2 1
3 300 750 50 50 2 1
3 250 850 50 50 2 1
3 250 900 50 50 2 1
3 300 800 50 50 2 1
3 300 650 50 50 2 1
3 350 600 50 50 2 1
17 200 550 50 50 2 1
3 350 550 50 50 2 1
17 150 550 50 50 2 1
17 250 500 50 50 2 1
17 250 550 50 50 2 1
17 300 500 50 50 2 1
17 300 550 50 50 2 1
17 350 500 50 50 2 1
3 200 500 50 50 2 1
3 200 450 50 50 2 1
3 250 400 50 50 2 1
3 50 450 50 50 2 1
3 150 450 50 50 2 1
3 250 350 50 50 2 1
3 300 300 50 50 2 1
3 200 300 50 50 2 1
3 50 350 50 50 2 1
3 0 400 50 50 2 1
3 0 450 50 50 2 1
3 0 300 50 50 2 1
3 0 250 50 50 2 1
3 0 350 50 50 2 1
3 50 250 50 50 2 1
3 100 300 50 50 2 1
3 50 300 50 50 2 1
3 50 400 50 50 2 1
3 100 400 50 50 2 1
3 100 350 50 50 2 1
3 100 450 50 50 2 1
3 150 400 50 50 2 1
3 200 350 50 50 2 1
3 150 350 50 50 2 1
3 200 400 50 50 2 1
3 150 300 50 50 2 1
3 150 250 50 50 2 1
3 100 250 50 50 2 1
3 250 200 50 50 2 1
3 300 200 50 50 2 1
3 150 200 50 50 2 1
3 100 200 50 50 2 1
3 50 200 50 50 2 1
3 250 150 50 50 2 1
3 250 100 50 50 2 1
3 300 50 50 50 2 1
3 300 0 50 50 2 1
3 150 150 50 50 2 1
3 200 150 50 50 2 1
3 150 100 50 50 2 1
3 200 100 50 50 2 1
3 250 50 50 50 2 1
3 250 0 50 50 2 1
3 100 150 50 50 2 1
3 200 50 50 50 2 1
3 400 0 50 50 2 1
3 350 0 50 50 2 1
3 500 0 50 50 2 1
3 600 0 50 50 2 1
3 450 0 50 50 2 1
3 400 50 50 50 2 1
3 300 100 50 50 2 1
3 350 50 50 50 2 1
3 350 100 50 50 2 1
3 300 150 50 50 2 1
3 250 250 50 50 2 1
3 200 200 50 50 2 1
3 200 250 50 50 2 1
3 300 250 50 50 2 1
3 250 300 50 50 2 1
3 300 400 50 50 2 1
3 300 350 50 50 2 1
3 250 450 50 50 2 1
3 350 450 50 50 2 1
3 400 450 50 50 2 1
3 350 400 50 50 2 1
3 300 450 50 50 2 1
3 400 350 50 50 2 1
3 400 300 50 50 2 1
3 350 300 50 50 2 1
3 350 350 50 50 2 1
3 350 250 50 50 2 1
3 350 200 50 50 2 1
3 350 150 50 50 2 1
3 400 100 50 50 2 1
3 450 50 50 50 2 1
3 550 0 50 50 2 1
3 650 0 50 50 2 1
3 550 50 50 50 2 1
3 500 50 50 50 2 1
3 450 100 50 50 2 1
3 400 150 50 50 2 1
3 400 200 50 50 2 1
3 400 250 50 50 2 1
3 450 200 50 50 2 1
3 500 150 50 50 2 1
3 450 150 50 50 2 1
3 500 100 50 50 2 1
3 550 100 50 50 2 1
3 500 250 50 50 2 1
3 450 300 50 50 2 1
3 450 250 50 50 2 1
3 450 400 50 50 2 1
3 400 400 50 50 2 1
17 400 500 50 50 2 1
17 400 550 50 50 2 1
3 400 650 50 50 2 1
3 350 700 50 50 2 1
3 350 650 50 50 2 1
3 350 750 50 50 2 1
3 300 850 50 50 2 1
3 300 900 50 50 2 1
3 350 900 50 50 2 1
3 400 800 50 50 2 1
3 400 700 50 50 2 1
3 400 750 50 50 2 1
3 350 800 50 50 2 1
3 350 850 50 50 2 1
3 450 650 50 50 2 1
3 450 600 50 50 2 1
3 400 600 50 50 2 1
17 450 550 50 50 2 1
17 450 500 50 50 2 1
3 450 450 50 50 2 1
3 450 350 50 50 2 1
3 500 350 50 50 2 1
3 500 200 50 50 2 1
3 500 300 50 50 2 1
3 550 250 50 50 2 1
3 650 150 50 50 2 1
3 600 150 50 50 2 1
3 550 200 50 50 2 1
3 600 100 50 50 2 1
3 650 50 50 50 2 1
3 600 50 50 50 2 1
3 650 100 50 50 2 1
3 550 150 50 50 2 1
3 600 200 50 50 2 1
3 600 250 50 50 2 1
3 550 350 50 50 2 1
3 500 400 50 50 2 1
3 500 450 50 50 2 1
3 550 400 50 50 2 1
17 500 500 50 50 2 1
3 500 600 50 50 2 1
17 550 500 50 50 2 1
17 500 550 50 50 2 1
3 550 450 50 50 2 1
3 600 350 50 50 2 1
3 600 400 50 50 2 1
3 650 350 50 50 2 1
3 650 300 50 50 2 1
3 600 300 50 50 2 1
3 550 300 50 50 2 1
3 700 250 50 50 2 1
3 700 200 50 50 2 1
3 650 250 50 50 2 1
3 650 200 50 50 2 1
3 700 100 50 50 2 1
3 700 0 50 50 2 1
3 750 0 50 50 2 1
3 750 50 50 50 2 1
3 700 50 50 50 2 1
3 700 150 50 50 2 1
3 750 100 50 50 2 1
3 800 50 50 50 2 1
3 800 0 50 50 2 1
3 850 0 50 50 2 1
3 850 50 50 50 2 1
3 800 100 50 50 2 1
3 750 150 50 50 2 1
3 700 300 50 50 2 1
3 650 400 50 50 2 1
3 600 450 50 50 2 1
3 450 700 50 50 2 1
3 450 750 50 50 2 1
3 650 450 50 50 2 1
3 700 350 50 50 2 1
3 750 250 50 50 2 1
3 800 200 50 50 2 1
3 750 200 50 50 2 1
3 800 150 50 50 2 1
3 850 100 50 50 2 1
3 900 50 50 50 2 1
3 900 0 50 50 2 1
3 850 150 50 50 2 1
3 850 300 50 50 2 1
3 850 250 50 50 2 1
3 750 300 50 50 2 1
3 800 250 50 50 2 1
3 800 300 50 50 2 1
3 850 200 50 50 2 1
3 950 0 50 50 2 1
3 950 50 50 50 2 1
3 900 100 50 50 2 1
3 900 150 50 50 2 1
3 900 200 50 50 2 1
3 750 350 50 50 2 1
3 800 350 50 50 2 1
3 750 400 50 50 2 1
3 650 500 50 50 2 1
17 600 500 50 50 2 1
17 600 550 50 50 2 1
3 550 600 50 50 2 1
3 500 650 50 50 2 1
3 700 400 50 50 2 1
3 700 450 50 50 2 1
17 550 550 50 50 2 1
17 650 550 50 50 2 1
2 950 200 50 50 2 1
2 1100 200 50 50 2 1
2 1150 200 50 50 2 1
2 1400 200 50 50 2 1
2 1300 200 50 50 2 1
2 1100 150 50 50 2 1
2 1000 150 50 50 2 1
2 1000 200 50 50 2 1
2 1500 150 50 50 2 1
2 1750 150 50 50 2 1
2 1700 150 50 50 2 1
2 1450 200 50 50 2 1
2 1250 200 50 50 2 1
2 1150 250 50 50 2 1
2 1500 250 50 50 2 1
2 1700 250 50 50 2 1
2 1350 250 50 50 2 1
2 1300 250 50 50 2 1
2 1050 300 50 50 2 1
2 950 300 50 50 2 1
2 900 300 50 50 2 1
2 1050 250 50 50 2 1
2 950 250 50 50 2 1
2 900 250 50 50 2 1
2 1050 200 50 50 2 1
2 950 150 50 50 2 1
2 1300 150 50 50 2 1
2 1550 200 50 50 2 1
2 1650 200 50 50 2 1
2 1800 200 50 50 2 1
2 1900 200 50 50 2 1
2 1750 200 50 50 2 1
2 1850 200 50 50 2 1
2 1850 150 50 50 2 1
2 1400 150 50 50 2 1
2 1250 150 50 50 2 1
2 1150 150 50 50 2 1
2 1750 250 50 50 2 1
2 1800 250 50 50 2 1
2 1600 250 50 50 2 1
2 1450 250 50 50 2 1
2 1200 200 50 50 2 1
2 1600 200 50 50 2 1
2 1700 200 50 50 2 1
2 1350 200 50 50 2 1
2 1500 200 50 50 2 1
2 1650 250 50 50 2 1
2 1750 300 50 50 2 1
2 1700 300 50 50 2 1
2 1350 300 50 50 2 1
2 1150 300 50 50 2 1
2 1000 350 50 50 2 1
2 950 350 50 50 2 1
2 1200 150 50 50 2 1
2 1100 50 50 50 2 1
2 1150 0 50 50 2 1
2 1450 100 50 50 2 1
2 1800 50 50 50 2 1
2 1500 50 50 50 2 1
2 1500 0 50 50 2 1
2 1650 0 50 50 2 1
2 1400 300 50 50 2 1
2 1600 350 50 50 2 1
2 1700 400 50 50 2 1
2 1750 400 50 50 2 1
2 1250 350 50 50 2 1
2 1100 350 50 50 2 1
2 950 400 50 50 2 1
2 850 450 50 50 2 1
2 1200 400 50 50 2 1
2 1550 350 50 50 2 1
2 1650 450 50 50 2 1
2 1400 350 50 50 2 1
2 1400 450 50 50 2 1
2 1500 450 50 50 2 1
16 1250 50 50 50 2 1
16 1250 100 50 50 2 1
16 1300 50 50 50 2 1
16 1300 100 50 50 2 1
16 1900 100 50 50 2 1
16 1900 50 50 50 2 1
16 1050 100 50 50 2 1
16 1650 100 50 50 2 1
16 1100 0 50 50 2 1
16 1000 400 50 50 2 1
16 1000 250 50 50 2 1
16 1000 300 50 50 2 1
16 1250 250 50 50 2 1
16 1550 300 50 50 2 1
16 1700 350 50 50 2 1
16 850 400 50 50 2 1
16 1200 500 50 50 2 1
16 1500 550 50 50 2 1
16 1550 550 50 50 2 1
16 950 550 50 50 2 1
16 850 500 50 50 2 1
16 1150 450 50 50 2 1
16 1300 450 50 50 2 1
8 50 50 50 50 2 1
15 1900 350 50 50 2 1
15 1850 350 50 50 2 1
15 1850 400 50 50 2 1
15 1900 450 50 50 2 1
15 1900 600 50 50 2 1
15 1900 550 50 50 2 1
15 1900 400 50 50 2 1
15 1900 650 50 50 2 1
15 1900 800 50 50 2 1
15 1900 850 50 50 2 1
15 1900 950 50 50 2 1
15 1900 1000 50 50 2 1
15 1900 500 50 50 2 1
15 1900 700 50 50 2 1
15 1900 900 50 50 2 1
15 1900 1050 50 50 2 1
15 1900 750 50 50 2 1
15 1850 850 50 50 2 1
15 1850 800 50 50 2 1
15 1850 650 50 50 2 1
15 1850 450 50 50 2 1
15 1850 500 50 50 2 1
15 1800 600 50 50 2 1
15 1800 650 50 50 2 1
15 1800 750 50 50 2 1
15 1800 850 50 50 2 1
15 1850 900 50 50 2 1
15 1850 950 50 50 2 1
15 1900 250 50 50 2 1
15 1850 300 50 50 2 1
15 1850 600 50 50 2 1
15 1750 800 50 50 2 1
15 1800 550 50 50 2 1
15 1750 500 50 50 2 1
15 1700 600 50 50 2 1
15 1700 750 50 50 2 1
15 1750 700 50 50 2 1
15 1850 700 50 50 2 1
15 1850 750 50 50 2 1
15 1850 550 50 50 2 1
15 1850 1000 50 50 2 1
15 1850 1050 50 50 2 1
15 1800 1000 50 50 2 1
15 1800 700 50 50 2 1
15 1800 450 50 50 2 1
15 1800 350 50 50 2 1
15 1800 300 50 50 2 1
15 1750 750 50 50 2 1
15 1700 800 50 50 2 1
15 1700 850 50 50 2 1
15 1800 900 50 50 2 1
15 1700 700 50 50 2 1
15 1700 550 50 50 2 1
15 1750 450 50 50 2 1
15 1850 0 50 50 2 1
15 1850 50 50 50 2 1
15 1850 100 50 50 2 1
15 1700 100 50 50 2 1
15 1700 0 50 50 2 1
15 1750 50 50 50 2 1
15 1800 100 50 50 2 1
15 1650 300 50 50 2 1
15 1650 600 50 50 2 1
15 1650 700 50 50 2 1
15 1650 800 50 50 2 1
15 1650 850 50 50 2 1
15 1750 950 50 50 2 1
15 1700 950 50 50 2 1
15 1750 1050 50 50 2 1
15 1700 1050 50 50 2 1
15 1750 1000 50 50 2 1
15 1800 1050 50 50 2 1
15 1350 600 50 50 2 1
15 1550 500 50 50 2 1
15 1350 500 50 50 2 1
15 1500 600 50 50 2 1
15 1600 600 50 50 2 1
15 1050 500 50 50 2 1
15 1150 600 50 50 2 1
15 850 550 50 50 2 1
15 800 500 50 50 2 1
15 950 500 50 50 2 1
15 1250 550 50 50 2 1
15 1200 300 50 50 2 1
15 1500 400 50 50 2 1
11 1300 550 50 50 10 4
1 750 700 50 50 10 4
1 800 700 50 50 10 4
1 800 750 50 50 10 4
1 850 750 50 50 10 4
1 900 750 50 50 10 4
1 950 750 50 50 10 4
1 1000 750 50 50 10 4
1 1050 750 50 50 10 4
1 1100 750 50 50 10 4
1 1150 750 50 50 10 4
1 1200 750 50 50 10 4
1 1300 750 50 50 10 4
1 1350 750 50 50 10 4
1 1400 750 50 50 10 4
1 1450 750 50 50 10 4
1 1500 750 50 50 10 4
1 1550 750 50 50 10 4
1 1600 700 50 50 10 4
1 1250 750 50 50 10 4
1 850 700 50 50 10 4
1 900 700 50 50 10 4
1 1550 700 50 50 10 4
1 1500 700 50 50 10 4
1 1450 700 50 50 10 4
1 1400 700 50 50 10 4
1 1350 700 50 50 10 4
1 900 800 50 50 10 4
1 950 800 50 50 10 4
1 1050 800 50 50 10 4
1 1100 800 50 50 10 4
1 1150 800 50 50 10 4
1 1300 800 50 50 10 4
1 1400 800 50 50 10 4
1 1450 800 50 50 10 4
1 1250 800 50 50 10 4
1 1000 800 50 50 10 4
1 1350 800 50 50 10 4
1 1200 800 50 50 10 4
1 1500 800 50 50 10 4
1 1500 850 50 50 10 4
1 1200 850 50 50 10 4
1 1000 850 50 50 10 4
1 1050 850 50 50 10 4
1 1100 850 50 50 10 4
1 1150 850 50 50 10 4
1 900 850 50 50 10 4
1 950 850 50 50 10 4
1 850 850 50 50 10 4
1 800 850 50 50 10 4
1 750 850 50 50 10 4
1 850 800 50 50 10 4
1 750 650 50 50 10 4
1 700 650 50 50 10 4
1 1650 650 50 50 10 4
1 1600 650 50 50 10 4
1 800 900 50 50 10 4
1 750 900 50 50 10 4
1 750 800 50 50 10 4
1 750 750 50 50 10 4
1 800 800 50 50 10 4
1 700 800 50 50 10 4
1 650 750 50 50 10 4
1 1600 850 50 50 10 4
1 1600 900 50 50 10 4
1 1550 800 50 50 10 4
14 700 700 50 50 10 4
14 700 750 50 50 10 4
14 650 650 50 50 10 4
14 850 650 50 50 10 4
14 950 650 50 50 10 4
14 1000 700 50 50 10 4
14 1100 700 50 50 10 4
14 1000 0 50 50 10 4
14 1050 50 50 50 10 4
14 1000 100 50 50 10 4
14 950 100 50 50 10 4
14 0 0 50 50 10 4
14 0 50 50 50 10 4
14 0 100 50 50 10 4
14 0 150 50 50 10 4
14 0 200 50 50 10 4
14 50 150 50 50 10 4
14 50 100 50 50 10 4
14 100 100 50 50 10 4
14 100 50 50 50 10 4
14 150 50 50 50 10 4
14 200 0 50 50 10 4
14 150 0 50 50 10 4
14 100 0 50 50 10 4
14 50 0 50 50 10 4
14 900 350 50 50 10 4
14 900 400 50 50 10 4
14 900 500 50 50 10 4
14 900 550 50 50 10 4
14 900 600 50 50 10 4
14 1000 600 50 50 10 4
14 1100 650 50 50 10 4
14 1250 650 50 50 10 4
14 1200 700 50 50 10 4
14 1150 650 50 50 10 4
14 1250 700 50 50 10 4
14 1350 650 50 50 10 4
14 1550 650 50 50 10 4
14 1450 650 50 50 10 4
14 1450 400 50 50 10 4
14 700 850 50 50 10 4
14 650 800 50 50 10 4
14 900 900 50 50 10 4
14 1000 900 50 50 10 4
14 1050 900 50 50 10 4
14 1250 850 50 50 10 4
14 1350 850 50 50 10 4
14 1400 850 50 50 10 4
14 1450 900 50 50 10 4
14 1550 900 50 50 10 4
14 1600 800 50 50 10 4
14 1600 750 50 50 10 4
14 1150 900 50 50 10 4
14 1300 900 50 50 10 4
14 1350 900 50 50 10 4
14 650 900 50 50 10 4
14 650 700 50 50 10 4
14 800 950 50 50 10 4
14 950 950 50 50 10 4
14 1100 950 50 50 10 4
14 1300 950 50 50 10 4
14 1450 950 50 50 10 4
14 1800 950 50 50 10 4
14 1800 800 50 50 10 4
14 1800 500 50 50 10 4
14 1800 350 50 50 10 4
14 1900 300 50 50 10 4
14 1800 400 50 50 10 4
14 1850 250 50 50 10 4
14 1900 150 50 50 10 4
14 1900 0 50 50 10 4
14 1800 150 50 50 10 4
4 0 500 50 50 10 4
4 0 550 50 50 10 4
CEnemy:
1050 400 75 75 0 5 10 4
750 550 75 75 0 5 10 4
1050 550 75 75 0 5 10 4
1400 550 75 75 0 5 10 4
1450 300 75 75 0 5 10 4
1600 500 75 75 0 5 10 4
