CObject:
3 450 1000 50 50 2 1
3 400 1000 50 50 2 1
3 550 950 50 50 2 1
3 500 1000 50 50 2 1
3 500 1050 50 50 2 1
3 550 1000 50 50 2 1
3 550 1050 50 50 2 1
3 450 1050 50 50 2 1
3 400 1050 50 50 2 1
3 350 1050 50 50 2 1
3 300 1050 50 50 2 1
3 350 1000 50 50 2 1
3 450 950 50 50 2 1
3 400 950 50 50 2 1
3 500 950 50 50 2 1
3 500 900 50 50 2 1
3 550 850 50 50 2 1
3 550 900 50 50 2 1
3 600 900 50 50 2 1
3 650 850 50 50 2 1
3 700 800 50 50 2 1
3 750 800 50 50 2 1
3 600 850 50 50 2 1
3 650 800 50 50 2 1
3 600 800 50 50 2 1
3 700 750 50 50 2 1
3 700 700 50 50 2 1
3 600 750 50 50 2 1
3 650 700 50 50 2 1
3 650 600 50 50 2 1
3 750 450 50 50 2 1
3 700 550 50 50 2 1
3 600 700 50 50 2 1
3 500 850 50 50 2 1
3 650 750 50 50 2 1
3 750 650 50 50 2 1
3 800 600 50 50 2 1
3 900 500 50 50 2 1
3 900 450 50 50 2 1
3 1000 350 50 50 2 1
3 1100 250 50 50 2 1
3 1150 150 50 50 2 1
3 1200 100 50 50 2 1
3 1250 50 50 50 2 1
3 1100 50 50 50 2 1
3 1250 0 50 50 2 1
3 1300 0 50 50 2 1
3 1200 50 50 50 2 1
3 1200 150 50 50 2 1
3 1200 0 50 50 2 1
3 1150 100 50 50 2 1
3 1150 50 50 50 2 1
3 1100 150 50 50 2 1
3 1050 200 50 50 2 1
3 1000 250 50 50 2 1
3 1100 200 50 50 2 1
3 1150 200 50 50 2 1
3 1050 150 50 50 2 1
3 1000 200 50 50 2 1
3 950 250 50 50 2 1
3 1050 250 50 50 2 1
3 1000 300 50 50 2 1
3 950 350 50 50 2 1
3 900 300 50 50 2 1
3 950 300 50 50 2 1
3 900 400 50 50 2 1
3 850 450 50 50 2 1
3 900 350 50 50 2 1
3 850 400 50 50 2 1
3 800 500 50 50 2 1
3 850 500 50 50 2 1
3 800 550 50 50 2 1
3 750 600 50 50 2 1
3 700 650 50 50 2 1
3 550 750 50 50 2 1
3 550 800 50 50 2 1
3 500 800 50 50 2 1
3 450 850 50 50 2 1
3 400 900 50 50 2 1
3 300 950 50 50 2 1
3 450 900 50 50 2 1
3 350 950 50 50 2 1
3 300 1000 50 50 2 1
3 250 1050 50 50 2 1
3 250 1000 50 50 2 1
3 700 600 50 50 2 1
3 750 550 50 50 2 1
3 800 450 50 50 2 1
3 750 500 50 50 2 1
3 650 650 50 50 2 1
3 750 700 50 50 2 1
3 850 600 50 50 2 1
3 950 500 50 50 2 1
3 950 450 50 50 2 1
3 950 400 50 50 2 1
3 1000 400 50 50 2 1
3 900 550 50 50 2 1
3 850 550 50 50 2 1
3 950 550 50 50 2 1
3 900 600 50 50 2 1
3 850 650 50 50 2 1
3 800 700 50 50 2 1
3 750 750 50 50 2 1
3 800 750 50 50 2 1
3 800 800 50 50 2 1
3 650 900 50 50 2 1
3 600 950 50 50 2 1
3 600 1050 50 50 2 1
3 600 1000 50 50 2 1
3 650 950 50 50 2 1
3 650 1050 50 50 2 1
3 650 1000 50 50 2 1
3 700 950 50 50 2 1
3 750 1000 50 50 2 1
3 700 1050 50 50 2 1
3 700 1000 50 50 2 1
3 800 1000 50 50 2 1
3 750 1050 50 50 2 1
3 800 1050 50 50 2 1
3 800 950 50 50 2 1
3 750 950 50 50 2 1
3 700 900 50 50 2 1
3 700 850 50 50 2 1
3 750 900 50 50 2 1
3 800 850 50 50 2 1
3 750 850 50 50 2 1
3 800 650 50 50 2 1
3 850 700 50 50 2 1
3 850 800 50 50 2 1
3 850 900 50 50 2 1
3 800 900 50 50 2 1
3 850 850 50 50 2 1
3 850 750 50 50 2 1
3 900 750 50 50 2 1
3 900 700 50 50 2 1
3 900 650 50 50 2 1
3 950 650 50 50 2 1
3 950 600 50 50 2 1
3 1000 550 50 50 2 1
3 1050 450 50 50 2 1
3 1000 450 50 50 2 1
3 1000 500 50 50 2 1
3 1050 500 50 50 2 1
3 1050 550 50 50 2 1
3 1050 400 50 50 2 1
3 1050 300 50 50 2 1
3 1050 350 50 50 2 1
3 1150 300 50 50 2 1
3 1100 300 50 50 2 1
3 1200 250 50 50 2 1
3 1250 150 50 50 2 1
3 1250 100 50 50 2 1
3 1300 50 50 50 2 1
3 1350 50 50 50 2 1
3 1400 0 50 50 2 1
3 1350 0 50 50 2 1
3 1450 0 50 50 2 1
3 1500 0 50 50 2 1
3 1500 50 50 50 2 1
3 1450 50 50 50 2 1
3 1400 50 50 50 2 1
3 1350 100 50 50 2 1
3 1300 150 50 50 2 1
3 1250 200 50 50 2 1
3 1200 200 50 50 2 1
3 1150 250 50 50 2 1
3 1250 250 50 50 2 1
3 1300 200 50 50 2 1
3 1300 100 50 50 2 1
3 1400 100 50 50 2 1
3 1450 100 50 50 2 1
3 1500 100 50 50 2 1
3 1450 150 50 50 2 1
3 1350 150 50 50 2 1
3 1400 150 50 50 2 1
3 1400 200 50 50 2 1
3 1350 200 50 50 2 1
3 1150 350 50 50 2 1
3 1100 400 50 50 2 1
3 1150 450 50 50 2 1
3 1100 500 50 50 2 1
3 1150 500 50 50 2 1
3 1100 350 50 50 2 1
3 1150 400 50 50 2 1
3 1100 450 50 50 2 1
3 1100 600 50 50 2 1
3 1050 650 50 50 2 1
3 1000 600 50 50 2 1
3 1050 600 50 50 2 1
3 1000 700 50 50 2 1
3 1000 650 50 50 2 1
3 950 700 50 50 2 1
3 950 750 50 50 2 1
3 950 800 50 50 2 1
3 900 850 50 50 2 1
3 900 900 50 50 2 1
3 900 950 50 50 2 1
3 850 1000 50 50 2 1
3 850 950 50 50 2 1
3 850 1050 50 50 2 1
3 900 1050 50 50 2 1
3 900 1000 50 50 2 1
3 950 850 50 50 2 1
3 900 800 50 50 2 1
3 950 900 50 50 2 1
3 950 950 50 50 2 1
3 950 1000 50 50 2 1
3 950 1050 50 50 2 1
3 1300 300 50 50 2 1
3 1350 350 50 50 2 1
3 1000 950 50 50 2 1
3 1000 900 50 50 2 1
3 1000 850 50 50 2 1
3 1000 750 50 50 2 1
3 1000 800 50 50 2 1
3 1050 750 50 50 2 1
3 1100 700 50 50 2 1
3 1050 700 50 50 2 1
3 1150 650 50 50 2 1
3 1100 650 50 50 2 1
3 1100 550 50 50 2 1
3 1150 550 50 50 2 1
3 1150 600 50 50 2 1
3 1100 750 50 50 2 1
3 1050 800 50 50 2 1
3 1150 750 50 50 2 1
3 1150 700 50 50 2 1
3 1100 800 50 50 2 1
3 1450 250 50 50 2 1
3 1500 200 50 50 2 1
3 1050 900 50 50 2 1
3 1500 150 50 50 2 1
3 1550 100 50 50 2 1
3 1550 0 50 50 2 1
3 1600 0 50 50 2 1
3 1550 50 50 50 2 1
3 1600 50 50 50 2 1
3 1200 650 50 50 2 1
3 1650 0 50 50 2 1
8 1750 350 50 50 2 1
8 1750 650 50 50 2 1
8 1750 850 50 50 2 1
1 1400 300 50 50 2 1
3 1050 850 50 50 2 1
1 1400 350 50 50 2 1
1 1400 400 50 50 2 1
1 1350 400 50 50 2 1
1 1350 450 50 50 2 1
1 1350 500 50 50 2 1
1 1300 550 50 50 2 1
1 1300 500 50 50 2 1
1 1300 600 50 50 2 1
1 1250 600 50 50 2 1
3 1200 550 50 50 2 1
3 1200 500 50 50 2 1
3 1200 400 50 50 2 1
3 1200 350 50 50 2 1
3 1200 300 50 50 2 1
3 1200 450 50 50 2 1
3 1200 600 50 50 2 1
3 1250 400 50 50 2 1
3 1300 350 50 50 2 1
3 1250 350 50 50 2 1
3 1250 300 50 50 2 1
3 1350 250 50 50 2 1
3 1400 250 50 50 2 1
3 1300 250 50 50 2 1
3 1450 200 50 50 2 1
3 1350 300 50 50 2 1
3 1300 400 50 50 2 1
3 1250 500 50 50 2 1
3 1250 550 50 50 2 1
1 1250 700 50 50 2 1
1 1250 750 50 50 2 1
3 1300 450 50 50 2 1
3 1250 450 50 50 2 1
1 1200 750 50 50 2 1
1 1250 650 50 50 2 1
1 1300 650 50 50 2 1
1 1200 700 50 50 2 1
1 1200 800 50 50 2 1
1 1150 800 50 50 2 1
1 1150 850 50 50 2 1
1 1100 850 50 50 2 1
1 1100 900 50 50 2 1
1 1100 950 50 50 2 1
1 1050 950 50 50 2 1
1 1050 1000 50 50 2 1
1 1000 1000 50 50 2 1
1 1000 1050 50 50 2 1
1 1100 1000 50 50 2 1
1 1050 1050 50 50 2 1
1 1150 950 50 50 2 1
1 1150 900 50 50 2 1
1 1200 900 50 50 2 1
1 1200 850 50 50 2 1
1 1250 800 50 50 2 1
1 1300 750 50 50 2 1
1 1350 700 50 50 2 1
1 1350 650 50 50 2 1
1 1400 500 50 50 2 1
1 1400 550 50 50 2 1
1 1350 600 50 50 2 1
1 1350 550 50 50 2 1
1 1450 450 50 50 2 1
1 1450 300 50 50 2 1
1 1650 300 50 50 2 1
1 1650 350 50 50 2 1
1 1650 400 50 50 2 1
1 1650 450 50 50 2 1
1 1650 500 50 50 2 1
1 1650 550 50 50 2 1
1 1650 600 50 50 2 1
1 1650 650 50 50 2 1
1 1650 700 50 50 2 1
1 1650 750 50 50 2 1
1 1650 800 50 50 2 1
1 1650 850 50 50 2 1
1 1650 900 50 50 2 1
1 1650 950 50 50 2 1
1 1700 950 50 50 2 1
1 1750 950 50 50 2 1
1 1650 250 50 50 2 1
1 1700 250 50 50 2 1
1 1750 250 50 50 2 1
1 1500 250 50 50 2 1
1 1550 200 50 50 2 1
1 1550 250 50 50 2 1
1 1500 300 50 50 2 1
1 1450 350 50 50 2 1
1 1400 450 50 50 2 1
1 1500 350 50 50 2 1
1 1550 300 50 50 2 1
1 1450 400 50 50 2 1
1 1550 150 50 50 2 1
1 1600 150 50 50 2 1
1 1700 100 50 50 2 1
1 1700 0 50 50 2 1
1 1650 50 50 50 2 1
1 1650 100 50 50 2 1
1 1600 100 50 50 2 1
14 1800 700 50 50 2 1
14 1850 700 50 50 2 1
14 1850 600 50 50 2 1
14 1850 500 50 50 2 1
14 1900 550 50 50 2 1
14 1900 600 50 50 2 1
14 1900 650 50 50 2 1
14 1900 750 50 50 2 1
14 1900 800 50 50 2 1
14 1900 900 50 50 2 1
14 1900 950 50 50 2 1
14 1900 1000 50 50 2 1
14 1900 1050 50 50 2 1
14 1900 400 50 50 2 1
14 1900 150 50 50 2 1
14 1900 0 50 50 2 1
14 1900 50 50 50 2 1
14 1900 100 50 50 2 1
14 1900 200 50 50 2 1
14 1900 250 50 50 2 1
14 1900 300 50 50 2 1
14 1900 350 50 50 2 1
14 1900 500 50 50 2 1
14 1900 450 50 50 2 1
14 1900 700 50 50 2 1
14 1900 850 50 50 2 1
14 1850 850 50 50 2 1
14 1850 800 50 50 2 1
14 1850 750 50 50 2 1
14 1850 400 50 50 2 1
14 1850 300 50 50 2 1
14 1850 150 50 50 2 1
14 1850 50 50 50 2 1
14 1850 0 50 50 2 1
14 1850 100 50 50 2 1
14 1850 200 50 50 2 1
14 1850 350 50 50 2 1
14 1850 900 50 50 2 1
14 1850 950 50 50 2 1
14 1850 1050 50 50 2 1
14 1850 1000 50 50 2 1
14 1800 1050 50 50 2 1
14 1750 1050 50 50 2 1
14 1800 1000 50 50 2 1
14 1700 1050 50 50 2 1
14 1800 950 50 50 2 1
14 1800 400 50 50 2 1
14 1500 800 50 50 2 1
14 1400 850 50 50 2 1
14 1300 950 50 50 2 1
14 1450 950 50 50 2 1
14 1550 550 50 50 2 1
14 1550 450 50 50 2 1
14 1550 500 50 50 2 1
14 1500 700 50 50 2 1
14 1550 750 50 50 2 1
14 1550 800 50 50 2 1
14 1750 750 50 50 2 1
14 1700 600 50 50 2 1
14 1700 450 50 50 2 1
14 1700 350 50 50 2 1
14 1750 300 50 50 2 1
14 1800 250 50 50 2 1
14 1450 650 50 50 2 1
14 1500 600 50 50 2 1
14 1550 700 50 50 2 1
14 1550 850 50 50 2 1
14 1500 900 50 50 2 1
14 1400 900 50 50 2 1
14 1300 850 50 50 2 1
14 1350 950 50 50 2 1
14 1450 1050 50 50 2 1
14 1400 1050 50 50 2 1
14 1250 1050 50 50 2 1
14 1200 1050 50 50 2 1
14 1400 800 50 50 2 1
14 1400 750 50 50 2 1
14 1300 700 50 50 2 1
17 200 1000 50 50 2 1
17 200 1050 50 50 2 1
17 150 1050 50 50 2 1
17 200 950 50 50 2 1
17 250 950 50 50 2 1
17 300 900 50 50 2 1
17 350 900 50 50 2 1
17 350 850 50 50 2 1
17 400 800 50 50 2 1
17 450 750 50 50 2 1
17 400 850 50 50 2 1
17 500 750 50 50 2 1
17 550 700 50 50 2 1
17 550 650 50 50 2 1
17 500 700 50 50 2 1
17 600 650 50 50 2 1
17 1000 0 50 50 2 1
17 1050 0 50 50 2 1
17 1100 0 50 50 2 1
17 1150 0 50 50 2 1
17 1050 50 50 50 2 1
17 1050 100 50 50 2 1
17 1100 100 50 50 2 1
17 950 150 50 50 2 1
17 1000 150 50 50 2 1
17 850 200 50 50 2 1
17 900 250 50 50 2 1
17 900 200 50 50 2 1
17 950 200 50 50 2 1
17 850 250 50 50 2 1
17 800 300 50 50 2 1
17 850 300 50 50 2 1
17 800 350 50 50 2 1
17 850 350 50 50 2 1
17 800 400 50 50 2 1
17 750 400 50 50 2 1
17 700 400 50 50 2 1
17 700 450 50 50 2 1
17 650 500 50 50 2 1
17 700 500 50 50 2 1
17 650 550 50 50 2 1
17 600 550 50 50 2 1
17 550 600 50 50 2 1
17 600 600 50 50 2 1
17 450 800 50 50 2 1
17 400 700 50 50 2 1
17 400 750 50 50 2 1
17 350 800 50 50 2 1
17 300 850 50 50 2 1
17 250 900 50 50 2 1
17 200 900 50 50 2 1
17 150 1000 50 50 2 1
17 450 700 50 50 2 1
17 500 650 50 50 2 1
17 650 450 50 50 2 1
17 750 350 50 50 2 1
17 750 300 50 50 2 1
17 800 250 50 50 2 1
17 950 100 50 50 2 1
17 1000 100 50 50 2 1
17 1000 50 50 50 2 1
17 900 150 50 50 2 1
17 800 200 50 50 2 1
17 950 0 50 50 2 1
17 950 50 50 50 2 1
17 900 100 50 50 2 1
17 750 250 50 50 2 1
17 700 300 50 50 2 1
17 700 350 50 50 2 1
17 550 500 50 50 2 1
17 550 550 50 50 2 1
17 500 600 50 50 2 1
17 450 650 50 50 2 1
17 300 800 50 50 2 1
17 250 800 50 50 2 1
17 200 850 50 50 2 1
17 250 850 50 50 2 1
17 600 500 50 50 2 1
17 600 450 50 50 2 1
17 650 400 50 50 2 1
17 450 350 50 50 2 1
17 550 350 50 50 2 1
17 400 500 50 50 2 1
17 350 600 50 50 2 1
17 200 750 50 50 2 1
17 150 850 50 50 2 1
17 100 900 50 50 2 1
17 150 900 50 50 2 1
17 350 650 50 50 2 1
17 550 450 50 50 2 1
17 650 250 50 50 2 1
17 750 150 50 50 2 1
17 850 50 50 50 2 1
17 850 0 50 50 2 1
4 0 0 50 50 2 1
4 50 0 50 50 2 1
4 100 0 50 50 2 1
4 150 0 50 50 2 1
4 200 0 50 50 2 1
4 250 0 50 50 2 1
4 300 0 50 50 2 1
4 350 0 50 50 2 1
4 400 0 50 50 2 1
4 450 0 50 50 2 1
4 500 0 50 50 2 1
4 550 0 50 50 2 1
4 600 0 50 50 2 1
4 650 0 50 50 2 1
4 700 0 50 50 2 1
4 800 0 50 50 2 1
4 750 0 50 50 2 1
15 0 850 50 50 2 1
15 0 900 50 50 2 1
15 0 800 50 50 2 1
15 0 750 50 50 2 1
15 0 700 50 50 2 1
15 0 550 50 50 2 1
15 0 450 50 50 2 1
15 0 500 50 50 2 1
15 0 600 50 50 2 1
15 0 400 50 50 2 1
15 100 350 50 50 2 1
15 50 450 50 50 2 1
15 50 600 50 50 2 1
15 50 700 50 50 2 1
15 50 550 50 50 2 1
15 50 400 50 50 2 1
15 50 300 50 50 2 1
15 50 250 50 50 2 1
15 0 200 50 50 2 1
15 0 300 50 50 2 1
15 0 350 50 50 2 1
15 0 250 50 50 2 1
15 0 100 50 50 2 1
15 0 50 50 50 2 1
15 0 150 50 50 2 1
15 50 50 50 50 2 1
15 50 100 50 50 2 1
15 100 150 50 50 2 1
15 100 200 50 50 2 1
15 50 200 50 50 2 1
15 100 250 50 50 2 1
15 100 300 50 50 2 1
15 100 400 50 50 2 1
15 100 450 50 50 2 1
15 100 500 50 50 2 1
15 100 550 50 50 2 1
15 0 650 50 50 2 1
15 100 650 50 50 2 1
15 100 700 50 50 2 1
15 50 750 50 50 2 1
15 50 800 50 50 2 1
15 0 950 50 50 2 1
15 50 850 50 50 2 1
15 100 750 50 50 2 1
15 150 550 50 50 2 1
15 150 350 50 50 2 1
15 150 200 50 50 2 1
15 150 150 50 50 2 1
15 100 50 50 50 2 1
15 200 350 50 50 2 1
15 150 500 50 50 2 1
15 100 800 50 50 2 1
15 0 1000 50 50 2 1
15 0 1050 50 50 2 1
15 50 950 50 50 2 1
15 50 1050 50 50 2 1
15 100 1050 50 50 2 1
12 350 750 50 50 11 1
12 750 200 50 50 11 1
CEnemy:
1600 900 50 50 0 5 10 1
1600 650 50 50 0 5 10 1
1600 400 50 50 0 5 10 1
1650 200 50 50 0 5 10 1
1850 0 50 50 0 5 10 1
1800 50 50 50 0 5 10 1
1750 150 50 50 0 5 10 1
1350 850 50 50 0 5 10 1
1250 900 50 50 0 5 10 1
1300 800 50 50 0 5 10 1
