CObject:
3 1900 800 50 50 2 1
17 1450 1000 50 50 2 1
17 1450 1050 50 50 2 1
3 1900 950 50 50 2 1
3 1900 1000 50 50 2 1
3 1850 1050 50 50 2 1
3 1850 1000 50 50 2 1
3 1900 1050 50 50 2 1
3 1800 1000 50 50 2 1
3 1750 1000 50 50 2 1
3 1800 1050 50 50 2 1
3 1750 1050 50 50 2 1
3 1700 1050 50 50 2 1
3 1700 1000 50 50 2 1
3 1650 1000 50 50 2 1
3 1650 1050 50 50 2 1
3 1600 1000 50 50 2 1
3 1600 1050 50 50 2 1
17 1500 1000 50 50 2 1
3 1550 1000 50 50 2 1
17 1500 1050 50 50 2 1
17 1550 1050 50 50 2 1
17 1600 800 50 50 2 1
17 1850 850 50 50 2 1
3 1400 1050 50 50 2 1
3 1400 1000 50 50 2 1
3 1350 1050 50 50 2 1
3 1300 1050 50 50 2 1
3 1250 1050 50 50 2 1
3 1300 1000 50 50 2 1
3 1350 1000 50 50 2 1
3 1350 950 50 50 2 1
3 1350 900 50 50 2 1
3 1400 900 50 50 2 1
3 1450 900 50 50 2 1
3 1400 950 50 50 2 1
3 1550 900 50 50 2 1
3 1500 900 50 50 2 1
3 1500 950 50 50 2 1
3 1450 950 50 50 2 1
3 1550 950 50 50 2 1
3 1600 900 50 50 2 1
3 1600 950 50 50 2 1
3 1700 900 50 50 2 1
3 1650 950 50 50 2 1
3 1650 900 50 50 2 1
3 1700 950 50 50 2 1
3 1750 950 50 50 2 1
3 1750 900 50 50 2 1
3 1800 900 50 50 2 1
3 1800 950 50 50 2 1
17 1850 900 50 50 2 1
3 1850 950 50 50 2 1
3 1900 750 50 50 2 1
3 1900 650 50 50 2 1
3 1900 550 50 50 2 1
3 1900 450 50 50 2 1
3 1900 400 50 50 2 1
3 1900 350 50 50 2 1
3 1850 300 50 50 2 1
3 1850 250 50 50 2 1
3 1850 200 50 50 2 1
3 1900 200 50 50 2 1
17 1800 350 50 50 2 1
17 1900 300 50 50 2 1
3 1900 500 50 50 2 1
3 1900 600 50 50 2 1
3 1900 700 50 50 2 1
3 1850 800 50 50 2 1
17 1900 900 50 50 2 1
3 1600 750 50 50 2 1
3 1500 800 50 50 2 1
3 1450 800 50 50 2 1
3 1400 850 50 50 2 1
3 1500 750 50 50 2 1
3 1650 650 50 50 2 1
3 1650 600 50 50 2 1
3 1750 450 50 50 2 1
17 1900 250 50 50 2 1
3 1750 400 50 50 2 1
3 1700 550 50 50 2 1
3 1600 700 50 50 2 1
3 1550 750 50 50 2 1
3 1700 500 50 50 2 1
3 1650 550 50 50 2 1
3 1550 700 50 50 2 1
3 1600 650 50 50 2 1
3 1450 850 50 50 2 1
3 1550 850 50 50 2 1
3 1550 800 50 50 2 1
3 1500 850 50 50 2 1
17 1900 850 50 50 2 1
3 1600 850 50 50 2 1
3 1650 800 50 50 2 1
3 1650 700 50 50 2 1
3 1650 750 50 50 2 1
3 1650 850 50 50 2 1
3 1700 850 50 50 2 1
3 1800 850 50 50 2 1
3 1750 800 50 50 2 1
3 1700 800 50 50 2 1
3 1800 800 50 50 2 1
3 1750 850 50 50 2 1
3 1800 750 50 50 2 1
3 1750 750 50 50 2 1
3 1700 750 50 50 2 1
3 1850 750 50 50 2 1
3 1850 700 50 50 2 1
3 1700 700 50 50 2 1
3 1700 650 50 50 2 1
3 1700 600 50 50 2 1
3 1750 600 50 50 2 1
3 1750 700 50 50 2 1
3 1750 650 50 50 2 1
3 1800 650 50 50 2 1
3 1800 700 50 50 2 1
17 1850 650 50 50 2 1
3 1850 600 50 50 2 1
3 1800 550 50 50 2 1
3 1750 550 50 50 2 1
3 1850 500 50 50 2 1
17 1800 500 50 50 2 1
3 1750 500 50 50 2 1
3 1800 600 50 50 2 1
3 1850 550 50 50 2 1
3 1800 450 50 50 2 1
3 1800 400 50 50 2 1
3 1850 350 50 50 2 1
3 1850 400 50 50 2 1
3 1850 450 50 50 2 1
3 1900 150 50 50 2 1
3 1900 100 50 50 2 1
3 1850 150 50 50 2 1
3 1800 300 50 50 2 1
3 1800 250 50 50 2 1
3 1750 350 50 50 2 1
3 1700 450 50 50 2 1
3 1650 500 50 50 2 1
3 1600 600 50 50 2 1
3 1550 650 50 50 2 1
3 1550 600 50 50 2 1
3 1600 550 50 50 2 1
3 1450 700 50 50 2 1
3 1450 750 50 50 2 1
3 1350 850 50 50 2 1
3 1300 900 50 50 2 1
3 1300 950 50 50 2 1
3 1500 700 50 50 2 1
3 1400 800 50 50 2 1
3 1400 750 50 50 2 1
3 1250 900 50 50 2 1
3 1250 950 50 50 2 1
3 1200 1050 50 50 2 1
3 1250 1000 50 50 2 1
3 1200 1000 50 50 2 1
3 1200 950 50 50 2 1
3 1150 1000 50 50 2 1
3 1150 1050 50 50 2 1
3 1100 1000 50 50 2 1
3 1100 1050 50 50 2 1
3 1050 1050 50 50 2 1
17 1000 1050 50 50 2 1
17 1000 1000 50 50 2 1
17 1050 1000 50 50 2 1
17 1100 950 50 50 2 1
17 1150 950 50 50 2 1
17 1150 900 50 50 2 1
17 1200 850 50 50 2 1
17 1250 850 50 50 2 1
17 1200 900 50 50 2 1
17 1300 850 50 50 2 1
17 1300 800 50 50 2 1
17 1350 750 50 50 2 1
17 1350 800 50 50 2 1
17 1350 700 50 50 2 1
17 1400 700 50 50 2 1
17 1400 650 50 50 2 1
17 1450 650 50 50 2 1
17 1500 600 50 50 2 1
17 1500 650 50 50 2 1
17 1450 600 50 50 2 1
17 1550 550 50 50 2 1
17 1550 500 50 50 2 1
17 1600 500 50 50 2 1
17 1600 450 50 50 2 1
17 1650 450 50 50 2 1
17 1650 400 50 50 2 1
17 1700 350 50 50 2 1
17 1750 300 50 50 2 1
17 1700 400 50 50 2 1
17 1800 200 50 50 2 1
17 1750 250 50 50 2 1
17 1800 150 50 50 2 1
17 1850 100 50 50 2 1
17 1900 50 50 50 2 1
17 1900 0 50 50 2 1
17 1850 50 50 50 2 1
17 1850 0 50 50 2 1
17 1800 100 50 50 2 1
17 1750 200 50 50 2 1
17 1700 300 50 50 2 1
17 1650 350 50 50 2 1
17 1600 400 50 50 2 1
17 1550 450 50 50 2 1
17 1500 500 50 50 2 1
17 1500 550 50 50 2 1
17 1400 600 50 50 2 1
17 1400 550 50 50 2 1
17 1450 550 50 50 2 1
17 1350 650 50 50 2 1
17 1300 700 50 50 2 1
17 1300 750 50 50 2 1
17 1250 800 50 50 2 1
17 1150 850 50 50 2 1
17 1100 850 50 50 2 1
17 1050 900 50 50 2 1
17 1000 950 50 50 2 1
17 1100 900 50 50 2 1
17 1050 950 50 50 2 1
17 950 1050 50 50 2 1
17 950 1000 50 50 2 1
17 1250 750 50 50 2 1
17 1200 800 50 50 2 1
15 0 950 50 50 2 1
15 0 1000 50 50 2 1
15 0 1050 50 50 2 1
15 50 950 50 50 2 1
15 50 900 50 50 2 1
15 50 850 50 50 2 1
15 0 900 50 50 2 1
15 0 850 50 50 2 1
15 0 800 50 50 2 1
15 50 800 50 50 2 1
15 50 750 50 50 2 1
15 0 750 50 50 2 1
15 0 700 50 50 2 1
15 50 650 50 50 2 1
15 100 650 50 50 2 1
15 50 700 50 50 2 1
15 50 600 50 50 2 1
15 0 600 50 50 2 1
15 0 650 50 50 2 1
15 0 500 50 50 2 1
15 0 400 50 50 2 1
15 0 550 50 50 2 1
15 50 500 50 50 2 1
15 50 450 50 50 2 1
15 50 550 50 50 2 1
15 100 600 50 50 2 1
15 100 550 50 50 2 1
15 0 450 50 50 2 1
15 50 400 50 50 2 1
15 50 300 50 50 2 1
15 0 350 50 50 2 1
15 0 300 50 50 2 1
15 0 150 50 50 2 1
15 0 100 50 50 2 1
15 0 200 50 50 2 1
15 50 150 50 50 2 1
15 0 250 50 50 2 1
15 50 250 50 50 2 1
15 50 100 50 50 2 1
15 50 50 50 50 2 1
15 0 0 50 50 2 1
15 50 0 50 50 2 1
15 0 50 50 50 2 1
15 100 0 50 50 2 1
15 100 50 50 50 2 1
15 100 100 50 50 2 1
15 100 150 50 50 2 1
15 50 200 50 50 2 1
15 150 250 50 50 2 1
15 150 100 50 50 2 1
15 150 350 50 50 2 1
15 150 400 50 50 2 1
15 150 450 50 50 2 1
15 150 500 50 50 2 1
15 150 550 50 50 2 1
15 150 600 50 50 2 1
15 150 650 50 50 2 1
15 100 700 50 50 2 1
15 100 750 50 50 2 1
15 100 850 50 50 2 1
15 150 750 50 50 2 1
15 200 700 50 50 2 1
15 250 500 50 50 2 1
15 200 350 50 50 2 1
15 200 200 50 50 2 1
15 200 150 50 50 2 1
15 200 250 50 50 2 1
15 200 500 50 50 2 1
15 250 650 50 50 2 1
15 200 800 50 50 2 1
10 100 250 50 50 2 1
10 100 400 50 50 2 1
10 100 500 50 50 2 1
9 100 800 50 50 2 1
9 150 700 50 50 2 1
9 50 350 50 50 2 1
9 150 150 50 50 2 1
16 1450 500 50 50 2 1
12 1700 250 50 50 2 1
2 450 550 50 50 2 1
2 500 550 50 50 2 1
2 500 600 50 50 2 1
2 550 600 50 50 2 1
2 600 600 50 50 2 1
2 650 600 50 50 2 1
2 700 550 50 50 2 1
2 850 700 50 50 2 1
2 750 550 50 50 2 1
2 700 600 50 50 2 1
2 900 750 50 50 2 1
2 950 750 50 50 2 1
2 1000 700 50 50 2 1
2 1150 300 50 50 2 1
2 1150 250 50 50 2 1
2 1200 350 50 50 2 1
2 1350 450 50 50 2 1
2 1250 400 50 50 2 1
2 1300 450 50 50 2 1
2 1400 450 50 50 2 1
2 1400 400 50 50 2 1
2 400 250 50 50 2 1
2 1150 200 50 50 2 1
2 1200 200 50 50 2 1
2 450 300 50 50 2 1
2 500 300 50 50 2 1
2 550 300 50 50 2 1
2 600 250 50 50 2 1
11 600 500 50 50 2 1
11 500 200 50 50 2 1
11 1300 300 50 50 2 1
2 300 0 50 50 2 1
2 350 0 50 50 2 1
2 400 0 50 50 2 1
2 450 0 50 50 2 1
2 500 0 50 50 2 1
2 550 0 50 50 2 1
2 600 0 50 50 2 1
2 650 0 50 50 2 1
2 700 0 50 50 2 1
2 750 0 50 50 2 1
2 800 0 50 50 2 1
2 1050 0 50 50 2 1
2 1150 0 50 50 2 1
2 1200 0 50 50 2 1
2 1250 0 50 50 2 1
2 1350 0 50 50 2 1
2 1400 0 50 50 2 1
2 1450 0 50 50 2 1
2 1550 0 50 50 2 1
2 1650 0 50 50 2 1
2 1500 0 50 50 2 1
2 1600 0 50 50 2 1
2 1300 0 50 50 2 1
2 1100 0 50 50 2 1
2 750 50 50 50 2 1
2 1100 50 50 50 2 1
2 700 100 50 50 2 1
2 1150 100 50 50 2 1
4 850 0 50 50 2 1
4 900 0 50 50 2 1
4 950 0 50 50 2 1
4 1000 0 50 50 2 1
16 800 50 50 50 2 1
16 750 100 50 50 2 1
16 800 100 50 50 2 1
16 850 50 50 50 2 1
16 900 50 50 50 2 1
16 900 100 50 50 2 1
16 950 100 50 50 2 1
16 950 50 50 50 2 1
16 1050 50 50 50 2 1
16 1000 100 50 50 2 1
16 1000 50 50 50 2 1
16 1050 100 50 50 2 1
16 1100 100 50 50 2 1
16 850 100 50 50 2 1
16 350 250 50 50 2 1
16 400 300 50 50 2 1
16 450 350 50 50 2 1
16 500 350 50 50 2 1
16 550 350 50 50 2 1
16 600 300 50 50 2 1
16 650 250 50 50 2 1
16 1100 150 50 50 2 1
16 1100 200 50 50 2 1
16 1100 250 50 50 2 1
16 1100 300 50 50 2 1
16 1150 350 50 50 2 1
16 1200 400 50 50 2 1
16 1250 450 50 50 2 1
16 1300 500 50 50 2 1
16 1350 500 50 50 2 1
16 1400 500 50 50 2 1
16 1150 150 50 50 2 1
16 1200 150 50 50 2 1
16 1450 400 50 50 2 1
16 1450 450 50 50 2 1
9 1450 500 50 50 2 1
12 1850 50 50 50 2 1
12 1900 250 50 50 2 1
14 450 250 50 50 2 1
14 500 250 50 50 2 1
14 550 250 50 50 2 1
14 550 200 50 50 2 1
14 550 150 50 50 2 1
14 500 150 50 50 2 1
14 450 150 50 50 2 1
14 450 200 50 50 2 1
14 400 200 50 50 2 1
14 600 150 50 50 2 1
14 600 200 50 50 2 1
14 650 200 50 50 2 1
14 400 150 50 50 2 1
14 550 500 50 50 2 1
14 500 500 50 50 2 1
14 600 450 50 50 2 1
14 650 450 50 50 2 1
14 650 500 50 50 2 1
14 600 550 50 50 2 1
14 550 550 50 50 2 1
14 500 450 50 50 2 1
14 700 450 50 50 2 1
14 700 500 50 50 2 1
14 650 550 50 50 2 1
14 550 450 50 50 2 1
14 1250 250 50 50 2 1
14 1250 300 50 50 2 1
14 1250 350 50 50 2 1
14 1300 350 50 50 2 1
14 1350 300 50 50 2 1
14 1350 250 50 50 2 1
14 1350 350 50 50 2 1
14 1300 250 50 50 2 1
14 1200 250 50 50 2 1
14 1350 400 50 50 2 1
14 1300 400 50 50 2 1
14 1200 300 50 50 2 1
13 1200 300 50 50 2 1
9 1300 400 50 50 2 1
2 350 800 50 50 2 1
2 400 850 50 50 2 1
2 450 850 50 50 2 1
2 500 850 50 50 2 1
2 550 800 50 50 2 1
16 300 800 50 50 2 1
16 350 850 50 50 2 1
16 400 900 50 50 2 1
16 450 900 50 50 2 1
16 550 850 50 50 2 1
16 500 900 50 50 2 1
16 600 800 50 50 2 1
16 800 700 50 50 2 1
16 850 750 50 50 2 1
16 850 800 50 50 2 1
16 900 800 50 50 2 1
16 950 800 50 50 2 1
16 1000 750 50 50 2 1
16 1000 800 50 50 2 1
16 1050 700 50 50 2 1
16 800 650 50 50 2 1
16 1050 650 50 50 2 1
3 850 350 50 50 2 1
3 850 400 50 50 2 1
3 900 350 50 50 2 1
3 900 400 50 50 2 1
15 800 300 50 50 2 1
15 800 350 50 50 2 1
15 800 400 50 50 2 1
15 800 450 50 50 2 1
15 850 450 50 50 2 1
15 900 450 50 50 2 1
15 950 450 50 50 2 1
15 950 400 50 50 2 1
15 950 350 50 50 2 1
15 950 300 50 50 2 1
15 900 300 50 50 2 1
15 850 300 50 50 2 1
15 400 550 50 50 2 1
15 400 600 50 50 2 1
15 450 650 50 50 2 1
15 500 650 50 50 2 1
15 450 600 50 50 2 1
15 550 650 50 50 2 1
15 600 650 50 50 2 1
15 700 650 50 50 2 1
15 750 600 50 50 2 1
15 650 650 50 50 2 1
15 700 700 50 50 2 1
15 800 550 50 50 2 1
15 800 500 50 50 2 1
15 750 500 50 50 2 1
15 400 500 50 50 2 1
15 450 500 50 50 2 1
8 1300 150 50 50 20 1
8 1500 150 50 50 20 1
8 1750 50 50 50 20 1
CEnemy:
215 88 25 25 60 10 20 5
1250 50 50 50 0 5 10 1
1350 150 50 50 0 5 10 1
1400 200 50 50 0 5 10 1
1450 200 50 50 0 5 10 1
1550 150 50 50 0 5 10 1
1450 100 50 50 0 5 10 1
1400 100 50 50 0 5 10 1
1500 200 50 50 0 5 10 1
1500 300 50 50 0 5 10 1
1500 350 50 50 0 5 10 1
1700 100 50 50 0 5 10 1
1600 50 50 50 0 5 10 1
1500 50 50 50 0 5 10 1
1400 50 50 50 0 5 10 1
1550 100 50 50 0 5 10 1
1600 150 50 50 0 5 10 1
1600 200 50 50 0 5 10 1
600 50 50 50 0 5 10 1
500 100 50 50 0 5 10 1
400 100 50 50 0 5 10 1
350 100 50 50 0 5 10 1
300 150 50 50 0 5 10 1
300 200 50 50 0 5 10 1
350 200 50 50 0 5 10 1
350 150 50 50 0 5 10 1
250 250 50 50 0 5 10 1
250 200 50 50 0 5 10 1
300 250 50 50 0 5 10 1
700 150 50 50 0 5 10 1
750 150 50 50 0 5 10 1
800 150 50 50 0 5 10 1
850 150 50 50 0 5 10 1
900 150 50 50 0 5 10 1
1000 150 50 50 0 5 10 1
950 150 50 50 0 5 10 1
850 650 50 50 0 5 10 1
900 650 50 50 0 5 10 1
950 700 50 50 0 5 10 1
950 650 50 50 0 5 10 1
900 700 50 50 0 5 10 1
1000 650 50 50 0 5 10 1
350 750 50 50 0 5 10 1
400 750 50 50 0 5 10 1
400 800 50 50 0 5 10 1
450 750 50 50 0 5 10 1
500 750 50 50 0 5 10 1
500 800 50 50 0 5 10 1
450 800 50 50 0 5 10 1
550 750 50 50 0 5 10 1
500 400 50 50 0 5 10 1
450 450 50 50 0 5 10 1
600 400 50 50 0 5 10 1
700 400 50 50 0 5 10 1
750 450 50 50 0 5 10 1
