CObject:
2 0 1000 50 50 2 1
2 0 1050 50 50 2 1
2 100 1050 50 50 2 1
2 50 1050 50 50 2 1
2 50 1000 50 50 2 1
2 100 1000 50 50 2 1
2 150 1000 50 50 2 1
2 150 1050 50 50 2 1
2 200 1000 50 50 2 1
2 200 1050 50 50 2 1
2 250 1000 50 50 2 1
2 250 1050 50 50 2 1
2 300 1000 50 50 2 1
2 350 1000 50 50 2 1
2 300 1050 50 50 2 1
2 350 1050 50 50 2 1
2 400 1000 50 50 2 1
2 400 1050 50 50 2 1
2 450 1000 50 50 2 1
2 450 1050 50 50 2 1
2 500 1000 50 50 2 1
2 500 1050 50 50 2 1
2 1900 1000 50 50 2 1
2 1900 1050 50 50 2 1
2 1850 1000 50 50 2 1
2 1850 1050 50 50 2 1
2 1800 1000 50 50 2 1
2 1750 1000 50 50 2 1
2 1700 1000 50 50 2 1
2 1650 1000 50 50 2 1
2 1600 1000 50 50 2 1
2 1550 1000 50 50 2 1
2 1500 1000 50 50 2 1
2 1450 1000 50 50 2 1
2 1400 1000 50 50 2 1
2 1350 1050 50 50 2 1
2 1350 1000 50 50 2 1
2 1400 1050 50 50 2 1
2 1450 1050 50 50 2 1
2 1500 1050 50 50 2 1
2 1600 1050 50 50 2 1
2 1650 1050 50 50 2 1
2 1700 1050 50 50 2 1
2 1800 1050 50 50 2 1
2 1750 1050 50 50 2 1
2 1550 1050 50 50 2 1
2 500 950 50 50 2 1
2 450 950 50 50 2 1
2 400 950 50 50 2 1
2 350 950 50 50 2 1
2 250 950 50 50 2 1
2 200 950 50 50 2 1
2 150 950 50 50 2 1
2 50 950 50 50 2 1
2 0 950 50 50 2 1
2 100 950 50 50 2 1
2 300 950 50 50 2 1
4 550 1000 50 50 2 1
4 550 1050 50 50 2 1
4 600 1050 50 50 2 1
4 600 1000 50 50 2 1
4 650 1000 50 50 2 1
4 650 1050 50 50 2 1
4 700 1000 50 50 2 1
4 700 1050 50 50 2 1
4 750 1000 50 50 2 1
4 750 1050 50 50 2 1
4 800 1000 50 50 2 1
4 800 1050 50 50 2 1
4 850 1000 50 50 2 1
4 850 1050 50 50 2 1
4 900 1050 50 50 2 1
4 900 1000 50 50 2 1
4 950 1000 50 50 2 1
4 950 1050 50 50 2 1
4 1000 1000 50 50 2 1
4 1000 1050 50 50 2 1
4 1050 1000 50 50 2 1
4 1050 1050 50 50 2 1
4 1100 1000 50 50 2 1
4 1100 1050 50 50 2 1
4 1150 1000 50 50 2 1
4 1150 1050 50 50 2 1
4 1200 1050 50 50 2 1
4 1200 1000 50 50 2 1
4 1250 1050 50 50 2 1
4 1250 1000 50 50 2 1
4 1300 1000 50 50 2 1
4 1300 1050 50 50 2 1
2 0 900 50 50 1 1
2 0 850 50 50 1 1
2 0 800 50 50 1 1
2 0 750 50 50 1 1
2 0 700 50 50 1 1
2 0 650 50 50 1 1
2 0 600 50 50 1 1
2 0 550 50 50 1 1
2 0 500 50 50 1 1
2 0 450 50 50 1 1
2 0 400 50 50 1 1
2 0 350 50 50 1 1
2 0 300 50 50 1 1
2 0 250 50 50 1 1
2 0 200 50 50 1 1
2 0 150 50 50 1 1
2 0 100 50 50 1 1
2 0 50 50 50 1 1
2 0 0 50 50 1 1
2 50 0 50 50 1 1
2 100 0 50 50 1 1
2 150 0 50 50 1 1
2 200 0 50 50 1 1
2 250 0 50 50 1 1
2 300 0 50 50 1 1
2 400 0 50 50 1 1
2 350 0 50 50 1 1
2 450 0 50 50 1 1
2 500 0 50 50 1 1
2 550 0 50 50 1 1
2 600 0 50 50 1 1
2 650 0 50 50 1 1
2 700 0 50 50 1 1
2 750 0 50 50 1 1
2 850 0 50 50 1 1
2 900 0 50 50 1 1
2 800 0 50 50 1 1
2 1000 0 50 50 1 1
2 1050 0 50 50 1 1
2 950 0 50 50 1 1
2 1200 0 50 50 1 1
2 1300 0 50 50 1 1
2 1150 0 50 50 1 1
2 1100 0 50 50 1 1
2 1400 0 50 50 1 1
2 1450 0 50 50 1 1
2 1350 0 50 50 1 1
2 1250 0 50 50 1 1
2 1500 0 50 50 1 1
2 1550 0 50 50 1 1
2 1600 0 50 50 1 1
2 1650 0 50 50 1 1
2 1700 0 50 50 1 1
2 1800 0 50 50 1 1
2 1850 0 50 50 1 1
2 1750 0 50 50 1 1
2 1900 0 50 50 1 1
2 1900 50 50 50 1 1
2 1900 100 50 50 1 1
2 1900 150 50 50 1 1
2 1900 200 50 50 1 1
2 1900 250 50 50 1 1
2 1900 350 50 50 1 1
2 1900 400 50 50 1 1
2 1900 450 50 50 1 1
2 1900 500 50 50 1 1
2 1900 550 50 50 1 1
2 1900 600 50 50 1 1
2 1900 700 50 50 1 1
2 1900 750 50 50 1 1
2 1900 800 50 50 1 1
2 1900 900 50 50 1 1
2 1900 950 50 50 1 1
2 1900 850 50 50 1 1
2 1900 650 50 50 1 1
2 1900 300 50 50 1 1
1 100 650 50 50 1 1
1 150 700 50 50 1 1
1 200 700 50 50 1 1
1 300 650 50 50 1 1
1 250 700 50 50 1 1
1 250 250 50 50 1 1
1 300 300 50 50 1 1
1 350 300 50 50 1 1
2 800 550 50 50 1 1
2 800 500 50 50 1 1
2 800 450 50 50 1 1
1 400 300 50 50 1 1
1 450 250 50 50 1 1
1 650 700 50 50 1 1
2 700 550 50 50 1 1
2 750 550 50 50 1 1
2 700 450 50 50 1 1
2 750 450 50 50 1 1
2 700 500 50 50 1 1
1 700 750 50 50 1 1
1 750 750 50 50 1 1
1 800 750 50 50 1 1
1 850 700 50 50 1 1
1 1350 450 50 50 1 1
1 1300 500 50 50 1 1
1 1250 550 50 50 1 1
1 1300 600 50 50 1 1
1 1350 650 50 50 1 1
1 1400 700 50 50 1 1
1 1450 750 50 50 1 1
1 1500 700 50 50 1 1
1 1550 650 50 50 1 1
1 1600 600 50 50 1 1
1 1100 200 50 50 1 1
1 1150 250 50 50 1 1
1 1200 250 50 50 1 1
1 1250 250 50 50 1 1
1 1350 200 50 50 1 1
1 1300 200 50 50 1 1
1 1050 200 50 50 1 1
1 100 750 50 50 1 1
1 200 750 50 50 1 1
1 250 750 50 50 1 1
1 300 750 50 50 1 1
1 350 750 50 50 1 1
1 450 750 50 50 1 1
1 550 750 50 50 1 1
1 600 750 50 50 1 1
1 650 750 50 50 1 1
1 850 750 50 50 1 1
1 500 750 50 50 1 1
1 150 750 50 50 1 1
1 50 750 50 50 1 1
1 400 750 50 50 1 1
1 900 750 50 50 1 1
1 950 750 50 50 1 1
1 1000 750 50 50 1 1
1 1050 750 50 50 1 1
1 1100 750 50 50 1 1
1 1150 750 50 50 1 1
1 1200 750 50 50 1 1
1 1250 750 50 50 1 1
1 1300 750 50 50 1 1
1 1350 750 50 50 1 1
1 1500 750 50 50 1 1
1 1400 750 50 50 1 1
1 1550 750 50 50 1 1
1 1600 750 50 50 1 1
1 1600 700 50 50 1 1
1 1650 700 50 50 1 1
1 1700 700 50 50 1 1
1 1700 650 50 50 1 1
1 1700 600 50 50 1 1
1 150 800 50 50 1 1
1 100 800 50 50 1 1
1 100 850 50 50 1 1
1 250 800 50 50 1 1
1 300 800 50 50 1 1
1 450 800 50 50 1 1
1 400 800 50 50 1 1
1 500 850 50 50 1 1
1 550 850 50 50 1 1
1 350 800 50 50 1 1
1 450 850 50 50 1 1
1 550 800 50 50 1 1
1 600 800 50 50 1 1
1 750 800 50 50 1 1
1 850 800 50 50 1 1
1 650 800 50 50 1 1
1 850 850 50 50 1 1
1 1000 850 50 50 1 1
1 1100 800 50 50 1 1
1 950 800 50 50 1 1
1 1000 800 50 50 1 1
1 1250 800 50 50 1 1
1 1300 800 50 50 1 1
1 1200 800 50 50 1 1
1 1350 850 50 50 1 1
1 1450 800 50 50 1 1
1 1500 800 50 50 1 1
11 350 200 50 50 1 1
11 1200 150 50 50 1 1
12 200 800 50 50 1 1
12 500 800 50 50 1 1
10 800 800 50 50 1 1
10 1150 800 50 50 1 1
10 1400 800 50 50 1 1
11 750 500 50 50 1 1
16 650 400 50 50 1 1
16 650 450 50 50 1 1
16 650 500 50 50 1 1
16 650 550 50 50 1 1
16 650 600 50 50 1 1
16 700 600 50 50 1 1
16 750 600 50 50 1 1
16 800 600 50 50 1 1
16 850 550 50 50 1 1
16 850 500 50 50 1 1
16 850 450 50 50 1 1
16 850 400 50 50 1 1
16 800 400 50 50 1 1
16 750 400 50 50 1 1
16 700 400 50 50 1 1
16 850 600 50 50 1 1
14 200 850 50 50 1 1
14 300 850 50 50 1 1
14 350 850 50 50 1 1
14 400 850 50 50 1 1
14 400 900 50 50 1 1
14 350 900 50 50 1 1
14 250 850 50 50 1 1
14 250 900 50 50 1 1
14 150 900 50 50 1 1
14 100 900 50 50 1 1
14 50 850 50 50 1 1
14 150 850 50 50 1 1
14 200 900 50 50 1 1
14 300 900 50 50 1 1
14 450 900 50 50 1 1
14 550 900 50 50 1 1
14 600 850 50 50 1 1
14 650 850 50 50 1 1
14 700 800 50 50 1 1
14 700 850 50 50 1 1
14 800 850 50 50 1 1
14 850 900 50 50 1 1
14 900 900 50 50 1 1
14 900 850 50 50 1 1
14 900 800 50 50 1 1
14 950 850 50 50 1 1
14 1050 850 50 50 1 1
14 1050 800 50 50 1 1
14 1100 850 50 50 1 1
14 1250 850 50 50 1 1
14 1300 850 50 50 1 1
14 1350 800 50 50 1 1
14 1200 850 50 50 1 1
14 1150 850 50 50 1 1
14 1300 900 50 50 1 1
14 1450 900 50 50 1 1
14 1450 850 50 50 1 1
14 1550 850 50 50 1 1
14 1600 800 50 50 1 1
14 1650 800 50 50 1 1
14 1700 750 50 50 1 1
14 1650 750 50 50 1 1
14 1500 850 50 50 1 1
14 1400 850 50 50 1 1
8 200 100 50 50 1 1
15 50 50 50 50 1 3
15 50 900 50 50 1 3
15 1850 950 50 50 1 3
15 1850 50 50 50 1 3
3 150 400 50 50 1 3
3 150 450 50 50 1 3
3 150 500 50 50 1 3
3 200 500 50 50 1 3
3 250 400 50 50 1 3
3 200 400 50 50 1 3
3 250 450 50 50 1 3
3 250 500 50 50 1 3
3 100 400 50 50 1 3
3 100 450 50 50 1 3
3 100 500 50 50 1 3
3 300 400 50 50 1 3
3 300 450 50 50 1 3
3 300 500 50 50 1 3
3 150 350 50 50 1 3
3 200 350 50 50 1 3
3 250 350 50 50 1 3
3 150 550 50 50 1 3
3 200 550 50 50 1 3
3 250 550 50 50 1 3
15 200 450 50 50 1 3
14 100 550 50 50 1 3
14 100 600 50 50 1 3
14 200 600 50 50 1 3
14 250 600 50 50 1 3
14 300 550 50 50 1 3
14 150 600 50 50 1 3
14 50 550 50 50 1 3
14 50 450 50 50 1 3
14 50 400 50 50 1 3
14 100 350 50 50 1 3
14 50 500 50 50 1 3
14 150 300 50 50 1 3
14 200 300 50 50 1 3
14 250 300 50 50 1 3
14 300 350 50 50 1 3
14 350 350 50 50 1 3
14 350 450 50 50 1 3
14 350 500 50 50 1 3
14 350 400 50 50 1 3
14 300 600 50 50 1 3
17 1500 400 50 50 1 3
17 1500 450 50 50 1 3
17 1500 500 50 50 1 3
17 1550 500 50 50 1 3
17 1550 450 50 50 1 3
17 1550 400 50 50 1 3
17 1650 400 50 50 1 3
17 1650 450 50 50 1 3
17 1650 500 50 50 1 3
17 1600 500 50 50 1 3
17 1600 400 50 50 1 3
17 1700 400 50 50 1 3
17 1700 450 50 50 1 3
17 1700 500 50 50 1 3
17 1550 350 50 50 1 3
17 1600 350 50 50 1 3
17 1650 350 50 50 1 3
17 1550 550 50 50 1 3
17 1600 550 50 50 1 3
17 1650 550 50 50 1 3
15 1600 450 50 50 1 3
14 1450 500 50 50 1 3
14 1450 450 50 50 1 3
14 1450 400 50 50 1 3
14 1500 350 50 50 1 3
14 1550 300 50 50 1 3
14 1600 300 50 50 1 3
14 1650 300 50 50 1 3
14 1700 300 50 50 1 3
14 1700 350 50 50 1 3
14 1750 400 50 50 1 3
14 1750 450 50 50 1 3
14 1750 500 50 50 1 3
14 1750 550 50 50 1 3
14 1700 550 50 50 1 3
14 1650 600 50 50 1 3
14 1550 600 50 50 1 3
14 1500 550 50 50 1 3
14 1500 600 50 50 1 3
14 1600 650 50 50 1 3
14 1650 650 50 50 1 3
14 1500 300 50 50 1 3
14 1450 350 50 50 1 3
5 1400 550 50 50 1 3
CEnemy:
100 100 50 50 0 5 10 3
550 100 50 50 0 5 10 3
800 100 50 50 0 5 10 3
1100 100 50 50 0 5 10 3
1350 100 50 50 0 5 10 3
1750 100 50 50 0 5 10 3
650 200 50 50 0 5 10 3
400 50 50 50 0 5 10 3
200 200 50 50 0 5 10 3
1550 250 50 50 0 5 10 3
1250 100 50 50 0 5 10 3
