CObject:
2 0 1000 50 50 2 1
2 0 1050 50 50 2 1
2 100 1050 50 50 2 1
2 50 1050 50 50 2 1
2 50 1000 50 50 2 1
2 100 1000 50 50 2 1
2 150 1000 50 50 2 1
2 150 1050 50 50 2 1
2 200 1000 50 50 2 1
2 200 1050 50 50 2 1
2 250 1000 50 50 2 1
2 250 1050 50 50 2 1
2 300 1000 50 50 2 1
2 350 1000 50 50 2 1
2 300 1050 50 50 2 1
2 350 1050 50 50 2 1
2 400 1000 50 50 2 1
2 400 1050 50 50 2 1
2 450 1000 50 50 2 1
2 450 1050 50 50 2 1
2 500 1000 50 50 2 1
2 500 1050 50 50 2 1
2 1900 1000 50 50 2 1
2 1900 1050 50 50 2 1
2 1850 1000 50 50 2 1
2 1850 1050 50 50 2 1
2 1800 1000 50 50 2 1
2 1750 1000 50 50 2 1
2 1700 1000 50 50 2 1
2 1650 1000 50 50 2 1
2 1600 1000 50 50 2 1
2 1550 1000 50 50 2 1
2 1500 1000 50 50 2 1
2 1450 1000 50 50 2 1
2 1400 1000 50 50 2 1
2 1350 1050 50 50 2 1
2 1350 1000 50 50 2 1
2 1400 1050 50 50 2 1
2 1450 1050 50 50 2 1
2 1500 1050 50 50 2 1
2 1600 1050 50 50 2 1
2 1650 1050 50 50 2 1
2 1700 1050 50 50 2 1
2 1800 1050 50 50 2 1
2 1750 1050 50 50 2 1
2 1550 1050 50 50 2 1
2 500 950 50 50 2 1
2 450 950 50 50 2 1
2 400 950 50 50 2 1
2 350 950 50 50 2 1
2 250 950 50 50 2 1
2 200 950 50 50 2 1
2 150 950 50 50 2 1
2 50 950 50 50 2 1
2 0 950 50 50 2 1
2 100 950 50 50 2 1
2 300 950 50 50 2 1
4 550 1000 50 50 2 1
4 550 1050 50 50 2 1
4 600 1050 50 50 2 1
4 600 1000 50 50 2 1
4 650 1000 50 50 2 1
4 650 1050 50 50 2 1
4 700 1000 50 50 2 1
4 700 1050 50 50 2 1
4 750 1000 50 50 2 1
4 750 1050 50 50 2 1
4 800 1000 50 50 2 1
4 800 1050 50 50 2 1
4 850 1000 50 50 2 1
4 850 1050 50 50 2 1
4 900 1050 50 50 2 1
4 900 1000 50 50 2 1
4 950 1000 50 50 2 1
4 950 1050 50 50 2 1
4 1000 1000 50 50 2 1
4 1000 1050 50 50 2 1
4 1050 1000 50 50 2 1
4 1050 1050 50 50 2 1
4 1100 1000 50 50 2 1
4 1100 1050 50 50 2 1
4 1150 1000 50 50 2 1
4 1150 1050 50 50 2 1
4 1200 1050 50 50 2 1
4 1200 1000 50 50 2 1
4 1250 1050 50 50 2 1
4 1250 1000 50 50 2 1
4 1300 1000 50 50 2 1
4 1300 1050 50 50 2 1
2 0 900 50 50 1 1
2 0 850 50 50 1 1
2 0 800 50 50 1 1
2 0 750 50 50 1 1
2 0 700 50 50 1 1
2 0 650 50 50 1 1
2 0 600 50 50 1 1
2 0 550 50 50 1 1
2 0 500 50 50 1 1
2 0 450 50 50 1 1
2 0 400 50 50 1 1
2 0 350 50 50 1 1
2 0 300 50 50 1 1
2 0 250 50 50 1 1
2 0 200 50 50 1 1
2 0 150 50 50 1 1
2 0 100 50 50 1 1
2 0 50 50 50 1 1
2 0 0 50 50 1 1
2 50 0 50 50 1 1
2 100 0 50 50 1 1
2 150 0 50 50 1 1
2 200 0 50 50 1 1
2 250 0 50 50 1 1
2 300 0 50 50 1 1
2 400 0 50 50 1 1
2 350 0 50 50 1 1
2 450 0 50 50 1 1
2 500 0 50 50 1 1
2 550 0 50 50 1 1
2 600 0 50 50 1 1
2 650 0 50 50 1 1
2 700 0 50 50 1 1
2 750 0 50 50 1 1
2 850 0 50 50 1 1
2 900 0 50 50 1 1
2 800 0 50 50 1 1
2 1000 0 50 50 1 1
2 1050 0 50 50 1 1
2 950 0 50 50 1 1
2 1200 0 50 50 1 1
2 1300 0 50 50 1 1
2 1150 0 50 50 1 1
2 1100 0 50 50 1 1
2 1400 0 50 50 1 1
2 1450 0 50 50 1 1
2 1350 0 50 50 1 1
2 1250 0 50 50 1 1
2 1500 0 50 50 1 1
2 1550 0 50 50 1 1
2 1600 0 50 50 1 1
2 1650 0 50 50 1 1
2 1700 0 50 50 1 1
2 1800 0 50 50 1 1
2 1850 0 50 50 1 1
2 1750 0 50 50 1 1
2 1900 0 50 50 1 1
2 1900 50 50 50 1 1
2 1900 100 50 50 1 1
2 1900 150 50 50 1 1
2 1900 200 50 50 1 1
2 1900 250 50 50 1 1
2 1900 350 50 50 1 1
2 1900 400 50 50 1 1
2 1900 450 50 50 1 1
2 1900 500 50 50 1 1
2 1900 550 50 50 1 1
2 1900 600 50 50 1 1
2 1900 700 50 50 1 1
2 1900 750 50 50 1 1
2 1900 800 50 50 1 1
2 1900 900 50 50 1 1
2 1900 950 50 50 1 1
2 1900 850 50 50 1 1
2 1900 650 50 50 1 1
2 1900 300 50 50 1 1
11 750 150 50 50 1 3
11 1200 150 50 50 1 3
11 200 100 50 50 1 3
11 1700 100 50 50 1 3
1 250 250 50 50 1 1
1 300 300 50 50 1 1
1 350 300 50 50 1 1
2 800 550 50 50 1 1
2 800 500 50 50 1 1
2 800 450 50 50 1 1
1 400 300 50 50 1 1
1 450 250 50 50 1 1
2 700 550 50 50 1 1
2 750 550 50 50 1 1
2 700 450 50 50 1 1
2 750 450 50 50 1 1
2 700 500 50 50 1 1
1 1100 200 50 50 1 1
1 1150 250 50 50 1 1
1 1200 250 50 50 1 1
1 1250 250 50 50 1 1
1 1350 200 50 50 1 1
1 1300 200 50 50 1 1
1 1050 200 50 50 1 1
2 250 250 50 50 1 3
2 300 300 50 50 1 3
16 650 400 50 50 1 1
16 650 450 50 50 1 1
16 650 500 50 50 1 1
16 650 550 50 50 1 1
16 650 600 50 50 1 1
16 700 600 50 50 1 1
16 750 600 50 50 1 1
16 800 600 50 50 1 1
16 850 550 50 50 1 1
16 850 500 50 50 1 1
16 850 450 50 50 1 1
16 850 400 50 50 1 1
16 800 400 50 50 1 1
16 750 400 50 50 1 1
16 700 400 50 50 1 1
16 850 600 50 50 1 1
2 350 300 50 50 1 3
2 400 300 50 50 1 3
2 450 250 50 50 1 3
2 1050 200 50 50 1 3
2 1100 200 50 50 1 3
2 1150 250 50 50 1 3
2 1200 250 50 50 1 3
2 1250 250 50 50 1 3
2 1300 200 50 50 1 3
2 1350 200 50 50 1 3
2 950 450 50 50 1 3
2 1000 500 50 50 1 3
2 1050 500 50 50 1 3
2 1100 500 50 50 1 3
2 1150 450 50 50 1 3
2 600 150 50 50 1 3
2 650 200 50 50 1 3
2 700 250 50 50 1 3
2 750 250 50 50 1 3
2 800 250 50 50 1 3
2 850 250 50 50 1 3
2 900 200 50 50 1 3
2 950 150 50 50 1 3
16 200 250 50 50 1 3
16 250 300 50 50 1 3
16 300 350 50 50 1 3
16 350 350 50 50 1 3
14 100 550 50 50 1 3
14 100 600 50 50 1 3
14 200 600 50 50 1 3
14 250 600 50 50 1 3
14 300 550 50 50 1 3
14 150 600 50 50 1 3
14 50 550 50 50 1 3
14 50 450 50 50 1 3
14 50 400 50 50 1 3
14 100 350 50 50 1 3
14 50 500 50 50 1 3
14 150 300 50 50 1 3
14 200 300 50 50 1 3
16 550 150 50 50 1 3
16 600 200 50 50 1 3
16 650 250 50 50 1 3
14 350 450 50 50 1 3
14 350 500 50 50 1 3
14 350 400 50 50 1 3
14 300 600 50 50 1 3
16 400 350 50 50 1 3
16 450 300 50 50 1 3
16 500 250 50 50 1 3
16 650 300 50 50 1 3
16 700 300 50 50 1 3
16 750 300 50 50 1 3
16 800 300 50 50 1 3
16 850 300 50 50 1 3
16 900 250 50 50 1 3
16 950 200 50 50 1 3
16 1000 150 50 50 1 3
16 900 300 50 50 1 3
16 1000 200 50 50 1 3
16 1050 250 50 50 1 3
16 1100 250 50 50 1 3
16 1150 300 50 50 1 3
16 1200 300 50 50 1 3
16 1250 300 50 50 1 3
16 1300 250 50 50 1 3
16 1350 250 50 50 1 3
16 1400 200 50 50 1 3
14 1450 500 50 50 1 3
14 1450 450 50 50 1 3
14 1450 400 50 50 1 3
14 1500 350 50 50 1 3
14 1550 300 50 50 1 3
14 1600 300 50 50 1 3
14 1650 300 50 50 1 3
14 1700 300 50 50 1 3
14 1700 350 50 50 1 3
14 1750 400 50 50 1 3
14 1750 450 50 50 1 3
14 1750 500 50 50 1 3
14 1750 550 50 50 1 3
14 1700 550 50 50 1 3
14 1650 600 50 50 1 3
14 1550 600 50 50 1 3
14 1500 550 50 50 1 3
14 1500 600 50 50 1 3
14 1600 650 50 50 1 3
14 1650 650 50 50 1 3
14 1500 300 50 50 1 3
14 1450 350 50 50 1 3
16 900 450 50 50 1 3
16 950 500 50 50 1 3
16 1000 550 50 50 1 3
16 1050 550 50 50 1 3
16 1150 500 50 50 1 3
16 1100 550 50 50 1 3
16 1200 450 50 50 1 3
16 100 600 50 50 1 3
16 150 600 50 50 1 3
16 200 600 50 50 1 3
16 250 600 50 50 1 3
16 300 550 50 50 1 3
16 300 600 50 50 1 3
16 350 500 50 50 1 3
16 350 450 50 50 1 3
16 350 400 50 50 1 3
16 200 300 50 50 1 3
16 150 300 50 50 1 3
16 100 350 50 50 1 3
16 50 400 50 50 1 3
16 50 450 50 50 1 3
16 50 500 50 50 1 3
16 50 550 50 50 1 3
16 100 550 50 50 1 3
16 1450 500 50 50 1 3
16 1450 450 50 50 1 3
16 1450 400 50 50 1 3
16 1450 350 50 50 1 3
16 1500 350 50 50 1 3
16 1500 300 50 50 1 3
16 1550 300 50 50 1 3
16 1600 300 50 50 1 3
16 1650 300 50 50 1 3
16 1700 300 50 50 1 3
16 1700 350 50 50 1 3
16 1750 400 50 50 1 3
16 1750 450 50 50 1 3
16 1750 500 50 50 1 3
16 1700 550 50 50 1 3
16 1750 550 50 50 1 3
16 1650 600 50 50 1 3
16 1650 650 50 50 1 3
16 1600 650 50 50 1 3
16 1550 600 50 50 1 3
16 1500 600 50 50 1 3
16 1500 550 50 50 1 3
CEnemy:
100 900 50 50 0 5 10 3
200 900 50 50 0 5 10 3
300 900 50 50 0 5 10 3
450 900 50 50 0 5 10 3
550 950 50 50 0 5 10 3
650 950 50 50 0 5 10 3
750 950 50 50 0 5 10 3
800 950 50 50 0 5 10 3
900 950 50 50 0 5 10 3
1000 950 50 50 0 5 10 3
1150 950 50 50 0 5 10 3
1250 950 50 50 0 5 10 3
1400 900 50 50 0 5 10 3
1450 900 50 50 0 5 10 3
1550 900 50 50 0 5 10 3
1600 900 50 50 0 5 10 3
1650 900 50 50 0 5 10 3
1750 900 50 50 0 5 10 3
1800 900 50 50 0 5 10 3
650 900 50 50 0 5 10 3
800 900 50 50 0 5 10 3
1000 900 50 50 0 5 10 3
1200 900 50 50 0 5 10 3
1350 900 50 50 0 5 10 3
50 900 50 50 0 5 10 3
400 900 50 50 0 5 10 3
700 900 50 50 0 5 10 3
1700 900 50 50 0 5 10 3
