CObject:
2 0 1000 50 50 2 1
2 0 1050 50 50 2 1
2 100 1050 50 50 2 1
2 50 1050 50 50 2 1
2 50 1000 50 50 2 1
2 100 1000 50 50 2 1
2 150 1000 50 50 2 1
2 150 1050 50 50 2 1
2 200 1000 50 50 2 1
2 200 1050 50 50 2 1
2 250 1000 50 50 2 1
2 250 1050 50 50 2 1
2 300 1000 50 50 2 1
2 350 1000 50 50 2 1
2 300 1050 50 50 2 1
2 350 1050 50 50 2 1
2 400 1000 50 50 2 1
2 400 1050 50 50 2 1
2 450 1000 50 50 2 1
2 450 1050 50 50 2 1
2 500 1000 50 50 2 1
2 500 1050 50 50 2 1
2 1900 1000 50 50 2 1
2 1900 1050 50 50 2 1
2 1850 1000 50 50 2 1
2 1850 1050 50 50 2 1
2 1800 1000 50 50 2 1
2 1750 1000 50 50 2 1
2 1700 1000 50 50 2 1
2 1650 1000 50 50 2 1
2 1600 1000 50 50 2 1
2 1550 1000 50 50 2 1
2 1500 1000 50 50 2 1
2 1450 1000 50 50 2 1
2 1400 1000 50 50 2 1
2 1350 1050 50 50 2 1
2 1350 1000 50 50 2 1
2 1400 1050 50 50 2 1
2 1450 1050 50 50 2 1
2 1500 1050 50 50 2 1
2 1600 1050 50 50 2 1
2 1650 1050 50 50 2 1
2 1700 1050 50 50 2 1
2 1800 1050 50 50 2 1
2 1750 1050 50 50 2 1
2 1550 1050 50 50 2 1
2 500 950 50 50 2 1
2 450 950 50 50 2 1
2 400 950 50 50 2 1
2 350 950 50 50 2 1
2 250 950 50 50 2 1
2 200 950 50 50 2 1
2 150 950 50 50 2 1
2 50 950 50 50 2 1
2 0 950 50 50 2 1
2 100 950 50 50 2 1
2 300 950 50 50 2 1
4 550 1000 50 50 2 1
4 550 1050 50 50 2 1
4 600 1050 50 50 2 1
4 600 1000 50 50 2 1
4 650 1000 50 50 2 1
4 650 1050 50 50 2 1
4 700 1000 50 50 2 1
4 700 1050 50 50 2 1
4 750 1000 50 50 2 1
4 750 1050 50 50 2 1
4 800 1000 50 50 2 1
4 800 1050 50 50 2 1
4 850 1000 50 50 2 1
4 850 1050 50 50 2 1
4 900 1050 50 50 2 1
4 900 1000 50 50 2 1
4 950 1000 50 50 2 1
4 950 1050 50 50 2 1
4 1000 1000 50 50 2 1
4 1000 1050 50 50 2 1
4 1050 1000 50 50 2 1
4 1050 1050 50 50 2 1
4 1100 1000 50 50 2 1
4 1100 1050 50 50 2 1
4 1150 1000 50 50 2 1
4 1150 1050 50 50 2 1
4 1200 1050 50 50 2 1
4 1200 1000 50 50 2 1
4 1250 1050 50 50 2 1
4 1250 1000 50 50 2 1
4 1300 1000 50 50 2 1
4 1300 1050 50 50 2 1
2 0 900 50 50 1 1
2 0 850 50 50 1 1
2 0 800 50 50 1 1
2 0 750 50 50 1 1
2 0 700 50 50 1 1
2 0 650 50 50 1 1
2 0 600 50 50 1 1
2 0 550 50 50 1 1
2 0 500 50 50 1 1
2 0 450 50 50 1 1
2 0 400 50 50 1 1
2 0 350 50 50 1 1
2 0 300 50 50 1 1
2 0 250 50 50 1 1
2 0 200 50 50 1 1
2 0 150 50 50 1 1
2 0 100 50 50 1 1
2 0 50 50 50 1 1
2 0 0 50 50 1 1
2 50 0 50 50 1 1
2 100 0 50 50 1 1
2 150 0 50 50 1 1
2 200 0 50 50 1 1
2 250 0 50 50 1 1
2 300 0 50 50 1 1
2 400 0 50 50 1 1
2 350 0 50 50 1 1
2 450 0 50 50 1 1
2 500 0 50 50 1 1
2 550 0 50 50 1 1
2 600 0 50 50 1 1
2 650 0 50 50 1 1
2 700 0 50 50 1 1
2 750 0 50 50 1 1
2 850 0 50 50 1 1
2 900 0 50 50 1 1
2 800 0 50 50 1 1
2 1000 0 50 50 1 1
2 1050 0 50 50 1 1
2 950 0 50 50 1 1
2 1200 0 50 50 1 1
2 1300 0 50 50 1 1
2 1150 0 50 50 1 1
2 1100 0 50 50 1 1
2 1400 0 50 50 1 1
2 1450 0 50 50 1 1
2 1350 0 50 50 1 1
2 1250 0 50 50 1 1
2 1500 0 50 50 1 1
2 1550 0 50 50 1 1
2 1600 0 50 50 1 1
2 1650 0 50 50 1 1
2 1700 0 50 50 1 1
2 1800 0 50 50 1 1
2 1850 0 50 50 1 1
2 1750 0 50 50 1 1
2 1900 0 50 50 1 1
2 1900 50 50 50 1 1
2 1900 100 50 50 1 1
2 1900 150 50 50 1 1
2 1900 200 50 50 1 1
2 1900 250 50 50 1 1
2 1900 350 50 50 1 1
2 1900 400 50 50 1 1
2 1900 450 50 50 1 1
2 1900 500 50 50 1 1
2 1900 550 50 50 1 1
2 1900 600 50 50 1 1
2 1900 700 50 50 1 1
2 1900 750 50 50 1 1
2 1900 800 50 50 1 1
2 1900 900 50 50 1 1
2 1900 950 50 50 1 1
2 1900 850 50 50 1 1
2 1900 650 50 50 1 1
2 1900 300 50 50 1 1
11 100 850 50 50 11 3
11 400 850 50 50 11 3
11 1500 900 50 50 11 3
11 1750 900 50 50 11 3
4 750 500 50 50 11 3
CEnemy:
50 900 50 50 0 5 10 3
50 850 50 50 0 5 10 3
50 800 50 50 0 5 10 3
50 200 50 50 0 5 10 3
50 250 50 50 0 5 10 3
50 300 50 50 0 5 10 3
50 350 50 50 0 5 10 3
50 50 50 50 0 5 10 3
1850 50 50 50 0 5 10 3
1850 100 50 50 0 5 10 3
1850 150 50 50 0 5 10 3
1850 200 50 50 0 5 10 3
1850 300 50 50 0 5 10 3
1850 900 50 50 0 5 10 3
1750 700 50 50 0 5 10 3
1800 650 50 50 0 5 10 3
