CObject:
2 0 350 50 50 2 1
2 50 350 50 50 2 1
2 100 350 50 50 2 1
2 150 350 50 50 2 1
2 300 350 50 50 2 1
2 350 350 50 50 2 1
2 400 350 50 50 2 1
2 450 350 50 50 2 1
2 450 300 50 50 2 1
2 450 250 50 50 2 1
2 450 200 50 50 2 1
2 450 150 50 50 2 1
2 450 100 50 50 2 1
2 450 50 50 50 2 1
2 450 0 50 50 2 1
1 150 400 50 50 2 1
1 200 400 50 50 2 1
1 250 400 50 50 2 1
1 250 350 50 50 2 1
1 200 350 50 50 2 1
1 150 500 50 50 2 1
1 150 450 50 50 2 1
1 200 450 50 50 2 1
2 450 750 50 50 2 1
2 450 800 50 50 2 1
2 450 850 50 50 2 1
2 450 900 50 50 2 1
2 450 950 50 50 2 1
2 0 650 50 50 2 1
2 50 650 50 50 2 1
2 100 650 50 50 2 1
2 150 650 50 50 2 1
1 250 450 50 50 2 1
2 300 650 50 50 2 1
2 350 650 50 50 2 1
2 400 650 50 50 2 1
2 450 650 50 50 2 1
2 450 700 50 50 2 1
1 300 450 50 50 2 1
1 250 500 50 50 2 1
1 300 500 50 50 2 1
1 200 500 50 50 2 1
1 300 400 50 50 2 1
1 400 400 50 50 2 1
1 350 400 50 50 2 1
1 500 400 50 50 2 1
1 450 400 50 50 2 1
1 450 500 50 50 2 1
1 500 450 50 50 2 1
1 450 450 50 50 2 1
1 400 450 50 50 2 1
1 350 450 50 50 2 1
1 350 500 50 50 2 1
1 300 550 50 50 2 1
1 250 550 50 50 2 1
1 200 550 50 50 2 1
1 150 550 50 50 2 1
1 150 600 50 50 2 1
1 200 600 50 50 2 1
1 250 600 50 50 2 1
1 350 600 50 50 2 1
1 350 550 50 50 2 1
1 400 550 50 50 2 1
1 300 600 50 50 2 1
1 200 650 50 50 2 1
1 250 650 50 50 2 1
1 200 700 50 50 2 1
1 150 700 50 50 2 1
1 250 700 50 50 2 1
1 300 700 50 50 2 1
1 150 300 50 50 2 1
1 200 300 50 50 2 1
1 250 300 50 50 2 1
1 300 300 50 50 2 1
1 400 500 50 50 2 1
1 400 600 50 50 2 1
1 450 600 50 50 2 1
1 100 700 50 50 2 1
1 200 750 50 50 2 1
1 350 750 50 50 2 1
1 350 700 50 50 2 1
1 250 750 50 50 2 1
1 100 250 50 50 2 1
1 150 250 50 50 2 1
1 100 300 50 50 2 1
1 300 250 50 50 2 1
1 400 300 50 50 2 1
1 50 300 50 50 2 1
1 450 550 50 50 2 1
1 500 550 50 50 2 1
1 500 500 50 50 2 1
1 500 600 50 50 2 1
1 550 700 50 50 2 1
1 550 450 50 50 2 1
1 550 350 50 50 2 1
1 500 300 50 50 2 1
1 600 350 50 50 2 1
1 600 400 50 50 2 1
1 600 550 50 50 2 1
1 600 650 50 50 2 1
1 600 700 50 50 2 1
1 600 750 50 50 2 1
1 550 800 50 50 2 1
1 550 850 50 50 2 1
1 550 750 50 50 2 1
1 500 700 50 50 2 1
1 550 650 50 50 2 1
1 600 600 50 50 2 1
1 650 500 50 50 2 1
1 700 450 50 50 2 1
1 700 300 50 50 2 1
1 700 200 50 50 2 1
1 700 150 50 50 2 1
1 700 100 50 50 2 1
1 650 100 50 50 2 1
1 600 200 50 50 2 1
1 600 250 50 50 2 1
1 550 250 50 50 2 1
1 500 200 50 50 2 1
1 650 350 50 50 2 1
1 650 550 50 50 2 1
1 750 700 50 50 2 1
1 650 700 50 50 2 1
1 650 800 50 50 2 1
1 600 900 50 50 2 1
1 600 850 50 50 2 1
1 500 750 50 50 2 1
1 550 550 50 50 2 1
1 550 600 50 50 2 1
1 600 500 50 50 2 1
1 550 400 50 50 2 1
1 500 150 50 50 2 1
1 600 150 50 50 2 1
16 500 950 50 50 2 1
16 550 950 50 50 2 1
1 500 800 50 50 2 1
1 650 750 50 50 2 1
1 700 700 50 50 2 1
1 700 600 50 50 2 1
1 700 650 50 50 2 1
1 600 100 50 50 2 1
1 550 50 50 50 2 1
1 700 50 50 50 2 1
1 750 650 50 50 2 1
1 750 800 50 50 2 1
1 800 900 50 50 2 1
1 850 950 50 50 2 1
1 750 850 50 50 2 1
1 650 450 50 50 2 1
1 850 100 50 50 2 1
1 750 200 50 50 2 1
1 900 100 50 50 2 1
1 850 0 50 50 2 1
1 750 100 50 50 2 1
17 850 300 50 50 2 1
17 850 350 50 50 2 1
17 850 400 50 50 2 1
17 850 450 50 50 2 1
17 850 500 50 50 2 1
17 850 550 50 50 2 1
17 850 600 50 50 2 1
17 850 650 50 50 2 1
17 850 700 50 50 2 1
17 850 750 50 50 2 1
17 900 750 50 50 2 1
17 900 700 50 50 2 1
17 900 650 50 50 2 1
17 900 600 50 50 2 1
17 900 550 50 50 2 1
17 900 500 50 50 2 1
17 950 450 50 50 2 1
17 950 400 50 50 2 1
17 900 350 50 50 2 1
17 900 300 50 50 2 1
17 950 300 50 50 2 1
17 900 400 50 50 2 1
17 950 350 50 50 2 1
17 900 450 50 50 2 1
17 850 250 50 50 2 1
17 900 250 50 50 2 1
17 950 250 50 50 2 1
17 950 500 50 50 2 1
17 950 550 50 50 2 1
17 950 600 50 50 2 1
17 950 650 50 50 2 1
17 950 700 50 50 2 1
17 950 750 50 50 2 1
17 850 800 50 50 2 1
17 900 800 50 50 2 1
17 850 850 50 50 2 1
17 850 200 50 50 2 1
17 900 200 50 50 2 1
17 850 150 50 50 2 1
17 1050 250 50 50 2 1
17 1050 300 50 50 2 1
17 1050 350 50 50 2 1
17 1050 400 50 50 2 1
17 1050 450 50 50 2 1
17 1050 500 50 50 2 1
17 1050 550 50 50 2 1
17 1050 600 50 50 2 1
17 1050 650 50 50 2 1
17 1050 750 50 50 2 1
17 1050 700 50 50 2 1
17 1050 800 50 50 2 1
17 1050 850 50 50 2 1
17 1050 900 50 50 2 1
17 1050 200 50 50 2 1
17 1050 150 50 50 2 1
17 1050 100 50 50 2 1
17 1150 100 50 50 2 1
17 1150 150 50 50 2 1
17 1150 200 50 50 2 1
17 1150 250 50 50 2 1
17 1150 300 50 50 2 1
17 1150 350 50 50 2 1
17 1150 400 50 50 2 1
17 1150 450 50 50 2 1
17 1150 500 50 50 2 1
17 1150 600 50 50 2 1
17 1150 550 50 50 2 1
17 1150 650 50 50 2 1
17 1150 700 50 50 2 1
17 1150 750 50 50 2 1
17 1150 800 50 50 2 1
17 1150 850 50 50 2 1
17 1150 900 50 50 2 1
2 1550 400 50 50 2 1
2 1600 400 50 50 2 1
2 1650 400 50 50 2 1
2 1700 400 50 50 2 1
2 1750 400 50 50 2 1
2 1800 400 50 50 2 1
2 1850 400 50 50 2 1
1 1600 450 50 50 2 1
1 1550 450 50 50 2 1
1 1450 450 50 50 2 1
1 1450 500 50 50 2 1
2 1550 650 50 50 2 1
2 1600 650 50 50 2 1
2 1700 650 50 50 2 1
2 1750 650 50 50 2 1
2 1800 650 50 50 2 1
2 1850 650 50 50 2 1
2 1650 650 50 50 2 1
2 1900 650 50 50 2 1
2 1900 400 50 50 2 1
2 1900 500 50 50 2 1
2 1900 600 50 50 2 1
2 1900 550 50 50 2 1
2 1900 450 50 50 2 1
15 0 950 50 50 2 1
15 50 950 50 50 2 1
15 150 950 50 50 2 1
15 200 950 50 50 2 1
15 300 950 50 50 2 1
15 350 950 50 50 2 1
15 500 900 50 50 2 1
16 600 950 50 50 2 1
16 650 950 50 50 2 1
15 550 900 50 50 2 1
16 700 950 50 50 2 1
15 700 900 50 50 2 1
15 750 900 50 50 2 1
16 800 950 50 50 2 1
16 750 950 50 50 2 1
15 900 900 50 50 2 1
15 950 900 50 50 2 1
15 950 950 50 50 2 1
15 1000 900 50 50 2 1
15 1000 950 50 50 2 1
15 1150 950 50 50 2 1
15 1200 950 50 50 2 1
15 1100 950 50 50 2 1
15 1050 950 50 50 2 1
15 1250 950 50 50 2 1
15 1300 900 50 50 2 1
15 1250 900 50 50 2 1
15 1400 950 50 50 2 1
15 1500 950 50 50 2 1
15 1500 900 50 50 2 1
15 1400 900 50 50 2 1
15 1300 950 50 50 2 1
15 1600 950 50 50 2 1
15 1700 900 50 50 2 1
15 1600 900 50 50 2 1
15 1450 900 50 50 2 1
15 1800 950 50 50 2 1
15 1900 900 50 50 2 1
15 1850 850 50 50 2 1
15 1750 900 50 50 2 1
15 1650 950 50 50 2 1
15 1550 950 50 50 2 1
15 1800 900 50 50 2 1
15 1850 950 50 50 2 1
15 1400 850 50 50 2 1
15 1300 850 50 50 2 1
15 1250 850 50 50 2 1
15 1450 850 50 50 2 1
15 1550 800 50 50 2 1
15 1650 850 50 50 2 1
15 1700 850 50 50 2 1
15 1900 950 50 50 2 1
15 1150 0 50 50 2 1
15 1050 0 50 50 2 1
15 1100 0 50 50 2 1
15 1250 0 50 50 2 1
15 1400 0 50 50 2 1
15 1500 0 50 50 2 1
15 1750 0 50 50 2 1
15 1900 0 50 50 2 1
15 1700 0 50 50 2 1
15 1600 0 50 50 2 1
15 1550 0 50 50 2 1
15 1850 0 50 50 2 1
15 1400 50 50 50 2 1
15 1300 50 50 50 2 1
15 1450 50 50 50 2 1
15 1600 50 50 50 2 1
15 1900 50 50 50 2 1
15 1800 50 50 50 2 1
15 1800 0 50 50 2 1
15 1250 50 50 50 2 1
15 1350 100 50 50 2 1
15 1600 100 50 50 2 1
15 1200 0 50 50 2 1
15 1250 100 50 50 2 1
15 1350 150 50 50 2 1
15 1650 0 50 50 2 1
15 1350 0 50 50 2 1
15 1450 0 50 50 2 1
15 1500 50 50 50 2 1
15 1850 50 50 50 2 1
15 1800 150 50 50 2 1
15 1700 100 50 50 2 1
15 50 1000 50 50 2 1
15 0 1000 50 50 2 1
15 0 1050 50 50 2 1
15 150 1050 50 50 2 1
15 150 1000 50 50 2 1
15 200 1000 50 50 2 1
15 350 1050 50 50 2 1
15 500 1050 50 50 2 1
15 500 1000 50 50 2 1
15 550 1000 50 50 2 1
15 700 1050 50 50 2 1
15 850 1050 50 50 2 1
15 1000 1000 50 50 2 1
15 1050 1050 50 50 2 1
15 1300 1050 50 50 2 1
15 1400 1000 50 50 2 1
15 1500 1000 50 50 2 1
15 1550 1050 50 50 2 1
15 1650 1050 50 50 2 1
15 1800 1050 50 50 2 1
15 1850 1000 50 50 2 1
14 750 250 50 50 2 1
14 750 300 50 50 2 1
14 700 350 50 50 2 1
14 700 400 50 50 2 1
14 750 400 50 50 2 1
14 650 400 50 50 2 1
14 750 450 50 50 2 1
14 750 500 50 50 2 1
14 700 500 50 50 2 1
14 750 550 50 50 2 1
14 700 550 50 50 2 1
14 750 600 50 50 2 1
14 650 600 50 50 2 1
14 650 650 50 50 2 1
14 700 750 50 50 2 1
14 750 750 50 50 2 1
14 700 800 50 50 2 1
14 700 850 50 50 2 1
14 800 500 50 50 2 1
14 800 600 50 50 2 1
14 800 700 50 50 2 1
14 800 750 50 50 2 1
14 800 550 50 50 2 1
14 800 450 50 50 2 1
14 800 350 50 50 2 1
14 800 250 50 50 2 1
14 800 200 50 50 2 1
14 800 300 50 50 2 1
14 750 350 50 50 2 1
14 800 400 50 50 2 1
14 1300 750 50 50 2 1
14 1250 800 50 50 2 1
14 1350 800 50 50 2 1
14 1450 800 50 50 2 1
14 1450 750 50 50 2 1
14 1550 750 50 50 2 1
14 1750 750 50 50 2 1
14 1900 800 50 50 2 1
14 1700 750 50 50 2 1
14 1350 700 50 50 2 1
14 1250 750 50 50 2 1
14 850 0 50 50 2 1
14 1000 0 50 50 2 1
14 950 0 50 50 2 1
14 1000 50 50 50 2 1
14 1150 50 50 50 2 1
14 1200 100 50 50 2 1
14 1250 150 50 50 2 1
14 1300 100 50 50 2 1
14 1450 150 50 50 2 1
14 1500 150 50 50 2 1
14 1450 100 50 50 2 1
14 1550 150 50 50 2 1
14 1600 150 50 50 2 1
14 1700 150 50 50 2 1
14 1800 100 50 50 2 1
14 1850 100 50 50 2 1
14 1750 50 50 50 2 1
14 1700 50 50 50 2 1
1 1500 400 50 50 2 1
1 1450 400 50 50 2 1
1 1400 400 50 50 2 1
1 1400 450 50 50 2 1
1 1400 500 50 50 2 1
1 1400 550 50 50 2 1
1 1400 650 50 50 2 1
1 1450 650 50 50 2 1
1 1500 650 50 50 2 1
1 1400 600 50 50 2 1
1 1500 450 50 50 2 1
1 1500 500 50 50 2 1
1 1500 550 50 50 2 1
1 1450 600 50 50 2 1
1 1500 600 50 50 2 1
1 1450 550 50 50 2 1
1 1550 550 50 50 2 1
1 1550 500 50 50 2 1
1 1600 500 50 50 2 1
1 1650 550 50 50 2 1
1 1600 600 50 50 2 1
1 1550 600 50 50 2 1
1 1600 550 50 50 2 1
1 1450 350 50 50 2 1
1 1500 350 50 50 2 1
1 1350 300 50 50 2 1
1 1400 350 50 50 2 1
1 1350 400 50 50 2 1
1 1350 450 50 50 2 1
1 1350 550 50 50 2 1
1 1350 600 50 50 2 1
1 1300 500 50 50 2 1
1 1350 500 50 50 2 1
1 1300 400 50 50 2 1
1 1300 550 50 50 2 1
1 1300 600 50 50 2 1
1 1350 650 50 50 2 1
1 1450 700 50 50 2 1
1 1350 350 50 50 2 1
1 1400 300 50 50 2 1
1 1450 300 50 50 2 1
1 1500 300 50 50 2 1
1 1500 700 50 50 2 1
1 1500 200 50 50 2 1
1 1350 250 50 50 2 1
1 1450 200 50 50 2 1
1 1400 250 50 50 2 1
1 1250 450 50 50 2 1
1 1250 500 50 50 2 1
1 1250 650 50 50 2 1
12 100 850 50 50 2 1
12 200 850 50 50 2 1
12 300 850 50 50 2 1
13 50 100 50 50 2 1
13 200 100 50 50 2 1
2 0 300 50 50 2 1
13 350 100 50 50 2 1
2 0 250 50 50 2 1
2 0 200 50 50 2 1
2 0 100 50 50 2 1
2 0 50 50 50 2 1
2 0 0 50 50 2 1
2 0 150 50 50 2 1
2 50 0 50 50 2 1
2 100 0 50 50 2 1
2 150 0 50 50 2 1
2 200 0 50 50 2 1
2 250 0 50 50 2 1
2 300 0 50 50 2 1
2 350 0 50 50 2 1
2 400 0 50 50 2 1
2 0 700 50 50 2 1
2 0 750 50 50 2 1
2 0 800 50 50 2 1
2 0 850 50 50 2 1
2 0 900 50 50 2 1
2 0 950 50 50 2 1
2 0 1000 50 50 2 1
2 50 1000 50 50 2 1
2 100 1000 50 50 2 1
2 150 1000 50 50 2 1
2 200 1000 50 50 2 1
2 250 1000 50 50 2 1
2 300 1000 50 50 2 1
2 350 1000 50 50 2 1
15 100 50 50 50 2 1
2 450 1000 50 50 2 1
2 400 1000 50 50 2 1
15 200 50 50 50 2 1
15 250 50 50 50 2 1
15 350 50 50 50 2 1
15 50 50 50 50 2 1
16 500 0 50 50 2 1
16 600 0 50 50 2 1
16 700 0 50 50 2 1
16 750 0 50 50 2 1
16 800 0 50 50 2 1
16 650 0 50 50 2 1
16 550 0 50 50 2 1
CPlayer:
0 550 9999 9999 9999 9999 9999
CEnemy:
1700 500 50 50 0 5 10 1
