CObject:
2 0 650 50 50 2 1
2 0 700 50 50 2 1
2 0 750 50 50 2 1
2 0 800 50 50 2 1
2 0 900 50 50 2 1
2 0 950 50 50 2 1
2 0 1000 50 50 2 1
2 0 850 50 50 2 1
2 0 1050 50 50 2 1
2 300 1000 50 50 2 1
2 300 950 50 50 2 1
2 300 1050 50 50 2 1
2 300 900 50 50 2 1
2 300 850 50 50 2 1
2 300 800 50 50 2 1
2 300 750 50 50 2 1
2 300 700 50 50 2 1
2 300 650 50 50 2 1
2 300 600 50 50 2 1
2 300 550 50 50 2 1
2 0 600 50 50 2 1
2 0 500 50 50 2 1
2 0 550 50 50 2 1
2 0 450 50 50 2 1
2 0 400 50 50 2 1
2 0 350 50 50 2 1
2 100 350 50 50 2 1
2 50 350 50 50 2 1
2 150 350 50 50 2 1
2 200 350 50 50 2 1
2 350 550 50 50 2 1
2 400 550 50 50 2 1
2 450 550 50 50 2 1
2 500 550 50 50 2 1
2 250 350 50 50 2 1
2 300 350 50 50 2 1
2 350 350 50 50 2 1
2 700 350 50 50 2 1
2 750 350 50 50 2 1
2 800 350 50 50 2 1
2 850 350 50 50 2 1
2 950 350 50 50 2 1
3 1000 350 50 50 2 1
2 900 350 50 50 2 1
3 1050 350 50 50 2 1
3 1150 350 50 50 2 1
3 1100 350 50 50 2 1
2 1200 350 50 50 2 1
2 1250 350 50 50 2 1
2 1300 350 50 50 2 1
2 1350 350 50 50 2 1
2 1400 350 50 50 2 1
2 1450 350 50 50 2 1
2 1500 350 50 50 2 1
2 1550 350 50 50 2 1
2 1600 350 50 50 2 1
2 1650 350 50 50 2 1
2 1700 350 50 50 2 1
2 1750 350 50 50 2 1
2 1800 350 50 50 2 1
2 1850 350 50 50 2 1
2 1900 350 50 50 2 1
2 600 550 50 50 2 1
2 550 550 50 50 2 1
2 650 550 50 50 2 1
2 700 550 50 50 2 1
2 750 550 50 50 2 1
2 800 550 50 50 2 1
2 850 550 50 50 2 1
2 900 550 50 50 2 1
2 1000 550 50 50 2 1
2 1050 550 50 50 2 1
2 1100 550 50 50 2 1
2 1150 550 50 50 2 1
2 1200 550 50 50 2 1
2 1250 550 50 50 2 1
2 1300 550 50 50 2 1
2 1400 550 50 50 2 1
2 350 300 50 50 2 1
2 1500 550 50 50 2 1
2 1350 550 50 50 2 1
2 950 550 50 50 2 1
2 1450 550 50 50 2 1
2 1550 550 50 50 2 1
2 1600 550 50 50 2 1
2 1650 550 50 50 2 1
2 1700 550 50 50 2 1
2 1750 550 50 50 2 1
2 1800 550 50 50 2 1
2 1900 550 50 50 2 1
2 1850 550 50 50 2 1
2 350 250 50 50 2 1
2 350 200 50 50 2 1
2 350 150 50 50 2 1
2 350 100 50 50 2 1
2 350 50 50 50 2 1
2 350 0 50 50 2 1
2 400 0 50 50 2 1
2 450 0 50 50 2 1
2 550 0 50 50 2 1
2 650 0 50 50 2 1
2 600 0 50 50 2 1
2 500 0 50 50 2 1
2 700 0 50 50 2 1
2 700 50 50 50 2 1
2 700 100 50 50 2 1
2 700 150 50 50 2 1
2 700 200 50 50 2 1
2 700 250 50 50 2 1
2 700 300 50 50 2 1
3 400 350 50 50 2 1
3 450 350 50 50 2 1
3 500 350 50 50 2 1
3 550 350 50 50 2 1
3 600 350 50 50 2 1
3 650 350 50 50 2 1
11 450 100 50 50 2 1
11 600 100 50 50 2 1
8 450 200 50 50 2 1
8 600 200 50 50 2 1
5 500 250 50 50 2 1
5 550 250 50 50 2 1
2 950 300 50 50 2 1
2 950 250 50 50 2 1
2 950 200 50 50 2 1
2 950 150 50 50 2 1
2 950 100 50 50 2 1
2 950 50 50 50 2 1
2 950 0 50 50 2 1
2 1000 0 50 50 2 1
2 1050 0 50 50 2 1
2 1100 0 50 50 2 1
2 1150 0 50 50 2 1
2 1200 0 50 50 2 1
2 1250 0 50 50 2 1
2 1300 0 50 50 2 1
2 1350 0 50 50 2 1
2 1400 0 50 50 2 1
2 1450 50 50 50 2 1
2 1450 100 50 50 2 1
2 1450 150 50 50 2 1
2 1450 200 50 50 2 1
2 1450 250 50 50 2 1
2 1450 0 50 50 2 1
2 1450 300 50 50 2 1
2 1050 600 50 50 2 1
2 1050 650 50 50 2 1
2 1050 700 50 50 2 1
2 1100 700 50 50 2 1
2 1150 700 50 50 2 1
2 1250 700 50 50 2 1
2 1300 700 50 50 2 1
2 1300 600 50 50 2 1
2 1300 650 50 50 2 1
2 1200 700 50 50 2 1
11 1350 100 50 50 2 1
11 1350 250 50 50 2 1
11 1250 150 50 50 2 1
8 1250 100 50 50 2 1
8 1250 200 50 50 2 1
5 1200 100 50 50 2 1
5 1150 200 50 50 2 1
15 500 850 50 50 2 1
15 450 900 50 50 2 1
15 400 900 50 50 2 1
15 450 950 50 50 2 1
15 800 900 50 50 2 1
15 500 900 50 50 2 1
15 700 900 50 50 2 1
15 750 850 50 50 2 1
15 1150 900 50 50 2 1
15 1300 900 50 50 2 1
15 1500 900 50 50 2 1
15 1700 900 50 50 2 1
15 1000 900 50 50 2 1
15 950 850 50 50 2 1
15 1450 850 50 50 2 1
15 1600 850 50 50 2 1
15 950 900 50 50 2 1
15 650 850 50 50 2 1
15 500 800 50 50 2 1
15 700 800 50 50 2 1
15 850 800 50 50 2 1
15 1700 800 50 50 2 1
15 1800 800 50 50 2 1
15 1450 800 50 50 2 1
15 550 750 50 50 2 1
15 400 800 50 50 2 1
15 1100 850 50 50 2 1
15 1200 900 50 50 2 1
15 1400 900 50 50 2 1
15 1450 950 50 50 2 1
15 1450 1000 50 50 2 1
15 1500 1000 50 50 2 1
15 1050 900 50 50 2 1
15 950 950 50 50 2 1
15 950 1000 50 50 2 1
15 1000 1050 50 50 2 1
15 800 1050 50 50 2 1
15 800 1000 50 50 2 1
15 700 950 50 50 2 1
15 600 1000 50 50 2 1
15 500 1050 50 50 2 1
15 450 1050 50 50 2 1
15 750 1050 50 50 2 1
15 850 1050 50 50 2 1
15 1100 1050 50 50 2 1
15 1250 1050 50 50 2 1
15 1400 1050 50 50 2 1
15 1700 1050 50 50 2 1
15 1900 1050 50 50 2 1
15 1850 950 50 50 2 1
15 1750 850 50 50 2 1
15 1550 700 50 50 2 1
15 1050 800 50 50 2 1
15 650 800 50 50 2 1
15 450 700 50 50 2 1
15 550 700 50 50 2 1
15 800 750 50 50 2 1
15 900 800 50 50 2 1
15 1700 750 50 50 2 1
15 750 700 50 50 2 1
15 850 700 50 50 2 1
3 0 0 50 50 2 1
3 50 0 50 50 2 1
3 0 50 50 50 2 1
3 100 50 50 50 2 1
3 100 0 50 50 2 1
3 50 50 50 50 2 1
3 150 100 50 50 2 1
3 150 50 50 50 2 1
3 150 0 50 50 2 1
3 200 0 50 50 2 1
3 250 0 50 50 2 1
3 300 0 50 50 2 1
3 250 50 50 50 2 1
3 200 50 50 50 2 1
3 300 50 50 50 2 1
3 300 100 50 50 2 1
3 300 150 50 50 2 1
3 300 200 50 50 2 1
3 300 250 50 50 2 1
3 300 300 50 50 2 1
3 250 250 50 50 2 1
3 250 200 50 50 2 1
3 250 100 50 50 2 1
3 250 150 50 50 2 1
3 250 300 50 50 2 1
3 200 300 50 50 2 1
3 200 250 50 50 2 1
3 200 200 50 50 2 1
3 200 150 50 50 2 1
3 200 100 50 50 2 1
3 100 100 50 50 2 1
3 100 150 50 50 2 1
3 150 150 50 50 2 1
3 100 200 50 50 2 1
3 150 200 50 50 2 1
3 150 250 50 50 2 1
3 100 300 50 50 2 1
3 100 250 50 50 2 1
3 150 300 50 50 2 1
3 50 300 50 50 2 1
3 0 300 50 50 2 1
3 0 250 50 50 2 1
3 50 250 50 50 2 1
3 50 200 50 50 2 1
3 50 150 50 50 2 1
3 0 100 50 50 2 1
3 50 100 50 50 2 1
3 0 150 50 50 2 1
3 0 200 50 50 2 1
3 750 200 50 50 2 1
3 750 250 50 50 2 1
3 750 300 50 50 2 1
3 800 300 50 50 2 1
3 800 250 50 50 2 1
3 850 250 50 50 2 1
3 850 300 50 50 2 1
3 900 250 50 50 2 1
3 900 300 50 50 2 1
3 900 200 50 50 2 1
3 800 200 50 50 2 1
3 850 150 50 50 2 1
3 800 100 50 50 2 1
3 750 150 50 50 2 1
3 800 150 50 50 2 1
3 900 150 50 50 2 1
3 900 100 50 50 2 1
3 850 200 50 50 2 1
3 850 100 50 50 2 1
3 850 50 50 50 2 1
3 750 100 50 50 2 1
3 750 50 50 50 2 1
3 800 0 50 50 2 1
3 800 50 50 50 2 1
3 750 0 50 50 2 1
3 850 0 50 50 2 1
3 900 0 50 50 2 1
3 900 50 50 50 2 1
14 1600 250 50 50 2 1
14 1550 250 50 50 2 1
14 1600 200 50 50 2 1
14 1800 200 50 50 2 1
14 1900 200 50 50 2 1
14 1750 100 50 50 2 1
14 1600 100 50 50 2 1
14 1550 50 50 50 2 1
14 1700 50 50 50 2 1
14 1900 50 50 50 2 1
14 1850 150 50 50 2 1
14 1650 200 50 50 2 1
14 1650 250 50 50 2 1
14 1800 250 50 50 2 1
14 1900 250 50 50 2 1
14 1900 100 50 50 2 1
14 1750 50 50 50 2 1
14 1600 0 50 50 2 1
14 1500 50 50 50 2 1
14 1600 150 50 50 2 1
14 1500 250 50 50 2 1
14 1550 150 50 50 2 1
14 1550 100 50 50 2 1
14 1700 200 50 50 2 1
14 1750 250 50 50 2 1
14 1900 150 50 50 2 1
14 1850 50 50 50 2 1
14 1750 200 50 50 2 1
14 1550 300 50 50 2 1
14 1650 300 50 50 2 1
14 1800 150 50 50 2 1
14 1650 100 50 50 2 1
14 1650 150 50 50 2 1
14 1700 150 50 50 2 1
14 1700 100 50 50 2 1
14 1800 100 50 50 2 1
4 1900 400 50 50 2 1
4 1900 450 50 50 2 1
4 1900 500 50 50 2 1
CEnemy:
400 50 50 50 0 5 10 1
400 100 50 50 0 5 10 1
400 150 50 50 0 5 10 1
400 200 50 50 0 5 10 1
450 150 50 50 0 5 10 1
500 150 50 50 0 5 10 1
500 50 50 50 0 5 10 1
450 50 50 50 0 5 10 1
500 100 50 50 0 5 10 1
550 100 50 50 0 5 10 1
550 50 50 50 0 5 10 1
550 150 50 50 0 5 10 1
600 150 50 50 0 5 10 1
650 150 50 50 0 5 10 1
650 100 50 50 0 5 10 1
650 50 50 50 0 5 10 1
600 50 50 50 0 5 10 1
550 200 50 50 0 5 10 1
500 200 50 50 0 5 10 1
400 250 50 50 0 5 10 1
400 300 50 50 0 5 10 1
450 250 50 50 0 5 10 1
450 300 50 50 0 5 10 1
500 300 50 50 0 5 10 1
550 300 50 50 0 5 10 1
600 300 50 50 0 5 10 1
650 250 50 50 0 5 10 1
600 250 50 50 0 5 10 1
650 300 50 50 0 5 10 1
650 200 50 50 0 5 10 1
1150 600 50 50 0 5 10 1
1100 650 50 50 0 5 10 1
1100 600 50 50 0 5 10 1
1150 650 50 50 0 5 10 1
1200 600 50 50 0 5 10 1
1200 650 50 50 0 5 10 1
1250 600 50 50 0 5 10 1
1250 650 50 50 0 5 10 1
1100 50 50 50 0 5 10 1
1100 100 50 50 0 5 10 1
1150 100 50 50 0 5 10 1
1150 150 50 50 0 5 10 1
1100 150 50 50 0 5 10 1
1100 200 50 50 0 5 10 1
1100 250 50 50 0 5 10 1
1150 250 50 50 0 5 10 1
1200 250 50 50 0 5 10 1
1200 200 50 50 0 5 10 1
1200 150 50 50 0 5 10 1
1250 50 50 50 0 5 10 1
1200 50 50 50 0 5 10 1
1350 50 50 50 0 5 10 1
1400 50 50 50 0 5 10 1
1400 100 50 50 0 5 10 1
1400 150 50 50 0 5 10 1
1400 200 50 50 0 5 10 1
1350 150 50 50 0 5 10 1
1300 200 50 50 0 5 10 1
1350 200 50 50 0 5 10 1
1300 100 50 50 0 5 10 1
1300 50 50 50 0 5 10 1
1300 150 50 50 0 5 10 1
1300 250 50 50 0 5 10 1
1400 250 50 50 0 5 10 1
1400 300 50 50 0 5 10 1
1350 300 50 50 0 5 10 1
1250 300 50 50 0 5 10 1
1050 250 50 50 0 5 10 1
1050 200 50 50 0 5 10 1
1050 100 50 50 0 5 10 1
1000 150 50 50 0 5 10 1
1000 250 50 50 0 5 10 1
1100 300 50 50 0 5 10 1
1200 300 50 50 0 5 10 1
