CObject:
2 0 350 50 50 2 1
2 50 300 50 50 2 1
2 100 300 50 50 2 1
2 50 350 50 50 2 1
2 100 350 50 50 2 1
2 150 350 50 50 2 1
2 200 350 50 50 2 1
2 250 350 50 50 2 1
2 300 350 50 50 2 1
2 300 300 50 50 2 1
2 300 250 50 50 2 1
2 300 200 50 50 2 1
2 300 150 50 50 2 1
2 300 100 50 50 2 1
2 300 50 50 50 2 1
2 300 0 50 50 2 1
2 350 0 50 50 2 1
2 400 0 50 50 2 1
2 450 0 50 50 2 1
2 450 50 50 50 2 1
2 450 100 50 50 2 1
2 450 200 50 50 2 1
2 450 250 50 50 2 1
2 450 300 50 50 2 1
2 450 350 50 50 2 1
2 350 350 50 50 2 1
2 400 300 50 50 2 1
2 400 350 50 50 2 1
2 450 150 50 50 2 1
2 0 750 50 50 2 1
2 50 750 50 50 2 1
2 100 750 50 50 2 1
2 150 750 50 50 2 1
2 200 750 50 50 2 1
2 250 750 50 50 2 1
2 300 750 50 50 2 1
2 350 750 50 50 2 1
2 400 750 50 50 2 1
2 450 800 50 50 2 1
2 450 750 50 50 2 1
2 450 850 50 50 2 1
2 450 900 50 50 2 1
2 450 950 50 50 2 1
2 450 700 50 50 2 1
2 450 650 50 50 2 1
2 350 650 50 50 2 1
2 250 650 50 50 2 1
2 150 650 50 50 2 1
2 50 650 50 50 2 1
2 200 650 50 50 2 1
2 0 650 50 50 2 1
2 100 650 50 50 2 1
2 300 650 50 50 2 1
2 400 650 50 50 2 1
2 400 700 50 50 2 1
2 350 700 50 50 2 1
2 300 700 50 50 2 1
2 250 700 50 50 2 1
2 200 700 50 50 2 1
2 100 700 50 50 2 1
2 50 700 50 50 2 1
2 0 700 50 50 2 1
2 150 700 50 50 2 1
2 50 850 50 50 2 1
2 0 800 50 50 2 1
2 0 850 50 50 2 1
2 50 800 50 50 2 1
2 100 850 50 50 2 1
2 100 800 50 50 2 1
2 150 800 50 50 2 1
2 200 850 50 50 2 1
2 200 900 50 50 2 1
2 250 850 50 50 2 1
2 300 900 50 50 2 1
2 400 900 50 50 2 1
2 200 950 50 50 2 1
2 100 1000 50 50 2 1
2 0 950 50 50 2 1
2 0 1000 50 50 2 1
2 0 1050 50 50 2 1
2 50 950 50 50 2 1
2 50 1050 50 50 2 1
2 50 1000 50 50 2 1
2 150 1000 50 50 2 1
2 150 1050 50 50 2 1
2 100 1050 50 50 2 1
2 200 1050 50 50 2 1
2 200 1000 50 50 2 1
2 250 1000 50 50 2 1
2 300 1000 50 50 2 1
2 350 1000 50 50 2 1
2 300 1050 50 50 2 1
2 250 1050 50 50 2 1
2 350 1050 50 50 2 1
2 400 1050 50 50 2 1
2 450 1050 50 50 2 1
2 450 1000 50 50 2 1
2 400 1000 50 50 2 1
2 400 950 50 50 2 1
2 350 950 50 50 2 1
2 300 950 50 50 2 1
2 250 950 50 50 2 1
2 150 900 50 50 2 1
2 100 900 50 50 2 1
2 200 800 50 50 2 1
2 250 800 50 50 2 1
2 300 800 50 50 2 1
2 350 800 50 50 2 1
2 400 800 50 50 2 1
2 400 850 50 50 2 1
2 350 850 50 50 2 1
2 350 900 50 50 2 1
2 300 850 50 50 2 1
2 250 900 50 50 2 1
2 150 950 50 50 2 1
2 100 950 50 50 2 1
2 50 900 50 50 2 1
2 0 900 50 50 2 1
2 150 850 50 50 2 1
2 350 300 50 50 2 1
2 350 250 50 50 2 1
2 400 250 50 50 2 1
2 400 200 50 50 2 1
2 350 200 50 50 2 1
2 400 150 50 50 2 1
2 400 100 50 50 2 1
2 350 150 50 50 2 1
2 350 100 50 50 2 1
2 350 50 50 50 2 1
2 400 50 50 50 2 1
2 250 150 50 50 2 1
2 250 200 50 50 2 1
2 250 250 50 50 2 1
2 250 300 50 50 2 1
2 200 300 50 50 2 1
2 150 300 50 50 2 1
2 0 250 50 50 2 1
2 50 250 50 50 2 1
2 0 300 50 50 2 1
2 100 250 50 50 2 1
2 150 250 50 50 2 1
2 200 250 50 50 2 1
2 200 200 50 50 2 1
2 150 200 50 50 2 1
2 100 200 50 50 2 1
2 50 200 50 50 2 1
2 0 200 50 50 2 1
2 0 150 50 50 2 1
2 0 100 50 50 2 1
2 50 150 50 50 2 1
2 100 150 50 50 2 1
2 150 150 50 50 2 1
2 150 100 50 50 2 1
2 200 150 50 50 2 1
2 200 100 50 50 2 1
2 250 100 50 50 2 1
2 100 100 50 50 2 1
2 0 0 50 50 2 1
2 50 0 50 50 2 1
2 0 50 50 50 2 1
2 50 50 50 50 2 1
2 50 100 50 50 2 1
2 150 50 50 50 2 1
2 150 0 50 50 2 1
2 200 0 50 50 2 1
2 250 0 50 50 2 1
2 200 50 50 50 2 1
2 100 0 50 50 2 1
2 250 50 50 50 2 1
2 100 50 50 50 2 1
2 700 150 50 50 2 1
2 750 200 50 50 2 1
2 750 250 50 50 2 1
2 750 300 50 50 2 1
2 700 350 50 50 2 1
2 750 650 50 50 2 1
2 800 700 50 50 2 1
2 800 750 50 50 2 1
2 800 800 50 50 2 1
2 750 850 50 50 2 1
2 1100 350 50 50 2 1
2 1150 400 50 50 2 1
2 1150 450 50 50 2 1
2 1150 500 50 50 2 1
2 1150 550 50 50 2 1
2 1100 600 50 50 2 1
2 1350 50 50 50 2 1
2 1400 100 50 50 2 1
2 1400 150 50 50 2 1
2 1400 200 50 50 2 1
2 1400 250 50 50 2 1
2 1350 300 50 50 2 1
2 1350 650 50 50 2 1
2 1400 700 50 50 2 1
2 1450 750 50 50 2 1
2 1450 800 50 50 2 1
2 1450 850 50 50 2 1
2 1400 900 50 50 2 1
2 550 0 50 50 2 1
2 1350 950 50 50 2 1
2 600 0 50 50 2 1
2 500 0 50 50 2 1
2 650 0 50 50 2 1
2 700 0 50 50 2 1
2 750 0 50 50 2 1
2 800 0 50 50 2 1
2 850 0 50 50 2 1
2 900 0 50 50 2 1
2 950 0 50 50 2 1
2 1000 0 50 50 2 1
2 1050 0 50 50 2 1
2 1100 0 50 50 2 1
2 1200 0 50 50 2 1
2 1150 0 50 50 2 1
2 1250 0 50 50 2 1
2 1300 0 50 50 2 1
2 1350 0 50 50 2 1
2 1400 0 50 50 2 1
2 1450 0 50 50 2 1
2 1500 0 50 50 2 1
2 1550 0 50 50 2 1
2 1600 0 50 50 2 1
2 1650 0 50 50 2 1
2 1700 0 50 50 2 1
2 1750 0 50 50 2 1
2 1800 0 50 50 2 1
2 500 1050 50 50 2 1
2 550 1050 50 50 2 1
2 600 1050 50 50 2 1
2 650 1050 50 50 2 1
2 700 1050 50 50 2 1
2 750 1050 50 50 2 1
2 800 1050 50 50 2 1
2 850 1050 50 50 2 1
2 900 1050 50 50 2 1
2 950 1050 50 50 2 1
2 1000 1050 50 50 2 1
2 1050 1050 50 50 2 1
2 1100 1050 50 50 2 1
2 1150 1050 50 50 2 1
2 1250 1050 50 50 2 1
2 1300 1050 50 50 2 1
2 1350 1050 50 50 2 1
2 1200 1050 50 50 2 1
2 1400 1050 50 50 2 1
2 1450 1050 50 50 2 1
2 1500 1050 50 50 2 1
2 1550 1050 50 50 2 1
2 1600 1050 50 50 2 1
2 1650 1050 50 50 2 1
2 1700 1050 50 50 2 1
2 1750 1050 50 50 2 1
2 1900 1050 50 50 2 1
2 1850 1000 50 50 2 1
2 1850 1050 50 50 2 1
2 1900 1000 50 50 2 1
2 1800 1000 50 50 2 1
2 1800 1050 50 50 2 1
2 1750 1000 50 50 2 1
2 1700 1000 50 50 2 1
2 1650 1000 50 50 2 1
2 1600 1000 50 50 2 1
2 1550 1000 50 50 2 1
2 1500 1000 50 50 2 1
2 1450 1000 50 50 2 1
2 1400 1000 50 50 2 1
2 1350 1000 50 50 2 1
2 1300 1000 50 50 2 1
2 1250 1000 50 50 2 1
2 1200 1000 50 50 2 1
2 1150 1000 50 50 2 1
2 1100 1000 50 50 2 1
2 1050 1000 50 50 2 1
2 1000 1000 50 50 2 1
2 950 1000 50 50 2 1
2 900 1000 50 50 2 1
2 850 1000 50 50 2 1
2 800 1000 50 50 2 1
2 750 1000 50 50 2 1
2 700 1000 50 50 2 1
2 650 1000 50 50 2 1
2 550 1000 50 50 2 1
2 500 1000 50 50 2 1
2 600 1000 50 50 2 1
2 1850 0 50 50 2 1
2 1900 0 50 50 2 1
4 1900 50 50 50 2 1
4 1900 100 50 50 2 1
4 1900 150 50 50 2 1
4 1900 200 50 50 2 1
4 1900 250 50 50 2 1
4 1900 300 50 50 2 1
4 1900 350 50 50 2 1
4 1900 400 50 50 2 1
4 1900 450 50 50 2 1
4 1900 500 50 50 2 1
4 1900 550 50 50 2 1
4 1900 600 50 50 2 1
4 1900 650 50 50 2 1
4 1900 700 50 50 2 1
4 1900 750 50 50 2 1
4 1900 800 50 50 2 1
4 1900 850 50 50 2 1
4 1900 900 50 50 2 1
4 1900 950 50 50 2 1
12 550 950 50 50 2 1
12 550 100 50 50 2 1
12 950 950 50 50 2 1
12 750 100 50 50 2 1
13 500 850 50 50 2 1
13 900 100 50 50 2 1
13 600 50 50 50 2 1
13 700 900 50 50 2 1
17 700 650 50 50 2 1
17 700 700 50 50 2 1
17 750 700 50 50 2 1
17 750 750 50 50 2 1
17 700 750 50 50 2 1
17 700 800 50 50 2 1
17 700 850 50 50 2 1
17 750 800 50 50 2 1
17 650 150 50 50 2 1
17 650 200 50 50 2 1
17 650 250 50 50 2 1
17 650 300 50 50 2 1
17 700 250 50 50 2 1
17 700 200 50 50 2 1
17 700 300 50 50 2 1
17 650 350 50 50 2 1
17 1050 350 50 50 2 1
17 1050 400 50 50 2 1
17 1050 450 50 50 2 1
17 1050 500 50 50 2 1
17 1050 550 50 50 2 1
17 1050 600 50 50 2 1
17 1100 550 50 50 2 1
17 1100 450 50 50 2 1
17 1100 400 50 50 2 1
17 1100 500 50 50 2 1
17 1300 50 50 50 2 1
17 1300 100 50 50 2 1
17 1300 150 50 50 2 1
17 1300 200 50 50 2 1
17 1300 250 50 50 2 1
17 1300 300 50 50 2 1
17 1350 250 50 50 2 1
17 1350 200 50 50 2 1
17 1350 150 50 50 2 1
17 1350 100 50 50 2 1
17 1300 650 50 50 2 1
17 1300 700 50 50 2 1
17 1350 700 50 50 2 1
17 1300 750 50 50 2 1
17 1350 750 50 50 2 1
17 1300 800 50 50 2 1
17 1300 850 50 50 2 1
17 1300 900 50 50 2 1
17 1300 950 50 50 2 1
17 1350 850 50 50 2 1
17 1350 900 50 50 2 1
17 1350 800 50 50 2 1
17 1400 750 50 50 2 1
17 1400 800 50 50 2 1
17 1400 850 50 50 2 1
16 800 850 50 50 2 1
16 850 800 50 50 2 1
16 850 750 50 50 2 1
16 850 700 50 50 2 1
16 800 650 50 50 2 1
16 750 900 50 50 2 1
16 750 600 50 50 2 1
16 700 400 50 50 2 1
16 750 350 50 50 2 1
16 800 300 50 50 2 1
16 800 250 50 50 2 1
16 800 200 50 50 2 1
16 750 150 50 50 2 1
16 700 100 50 50 2 1
16 1100 300 50 50 2 1
16 1150 350 50 50 2 1
16 1200 400 50 50 2 1
16 1200 450 50 50 2 1
16 1200 500 50 50 2 1
16 1150 600 50 50 2 1
16 1100 650 50 50 2 1
16 1200 550 50 50 2 1
16 1350 600 50 50 2 1
16 1400 650 50 50 2 1
16 1450 700 50 50 2 1
16 1500 750 50 50 2 1
16 1500 850 50 50 2 1
16 1500 800 50 50 2 1
16 1450 900 50 50 2 1
16 1400 950 50 50 2 1
16 1350 350 50 50 2 1
16 1400 300 50 50 2 1
16 1450 250 50 50 2 1
16 1450 200 50 50 2 1
16 1450 150 50 50 2 1
16 1450 100 50 50 2 1
16 1400 50 50 50 2 1
16 1750 400 50 50 2 1
16 1750 450 50 50 2 1
16 1800 400 50 50 2 1
16 1800 450 50 50 2 1
14 700 600 50 50 2 1
14 650 650 50 50 2 1
14 650 700 50 50 2 1
14 650 800 50 50 2 1
14 600 900 50 50 2 1
14 650 950 50 50 2 1
14 700 950 50 50 2 1
14 800 950 50 50 2 1
14 850 900 50 50 2 1
14 650 100 50 50 2 1
14 600 150 50 50 2 1
14 600 200 50 50 2 1
14 600 300 50 50 2 1
14 600 350 50 50 2 1
14 650 400 50 50 2 1
14 700 450 50 50 2 1
14 800 450 50 50 2 1
14 850 350 50 50 2 1
14 850 250 50 50 2 1
14 800 150 50 50 2 1
14 1050 250 50 50 2 1
14 1050 300 50 50 2 1
14 1000 400 50 50 2 1
14 1000 450 50 50 2 1
14 1000 500 50 50 2 1
14 1000 550 50 50 2 1
14 1000 650 50 50 2 1
14 1050 700 50 50 2 1
14 1100 700 50 50 2 1
14 1150 650 50 50 2 1
14 1250 550 50 50 2 1
14 1250 400 50 50 2 1
14 1150 300 50 50 2 1
14 1250 650 50 50 2 1
14 1250 700 50 50 2 1
14 1250 800 50 50 2 1
14 1250 850 50 50 2 1
14 1250 900 50 50 2 1
14 1250 950 50 50 2 1
14 1400 600 50 50 2 1
14 1450 650 50 50 2 1
14 1500 700 50 50 2 1
14 1550 750 50 50 2 1
14 1550 800 50 50 2 1
14 1550 900 50 50 2 1
14 1500 900 50 50 2 1
14 1450 950 50 50 2 1
14 1250 50 50 50 2 1
14 1250 150 50 50 2 1
14 1250 200 50 50 2 1
14 1300 350 50 50 2 1
14 1450 300 50 50 2 1
14 1500 200 50 50 2 1
14 1500 150 50 50 2 1
14 1500 100 50 50 2 1
14 1450 50 50 50 2 1
16 1700 750 50 50 2 1
16 1750 750 50 50 2 1
16 1750 800 50 50 2 1
16 1750 850 50 50 2 1
16 1700 850 50 50 2 1
16 1650 800 50 50 2 1
16 1650 750 50 50 2 1
16 1650 850 50 50 2 1
16 1700 800 50 50 2 1
16 1650 150 50 50 2 1
16 1800 900 50 50 2 1
16 1800 950 50 50 2 1
16 1850 900 50 50 2 1
16 1850 950 50 50 2 1
16 1500 400 50 50 2 1
16 1500 450 50 50 2 1
16 1500 500 50 50 2 1
16 1600 500 50 50 2 1
16 1600 450 50 50 2 1
16 1600 400 50 50 2 1
16 1550 400 50 50 2 1
16 1550 500 50 50 2 1
16 1800 100 50 50 2 1
16 1800 150 50 50 2 1
16 1850 100 50 50 2 1
16 1850 150 50 50 2 1
1 1550 450 50 50 2 1
CEnemy:
