CObject:
2 0 0 50 50 2 1
2 0 50 50 50 2 1
2 0 100 50 50 2 1
2 0 150 50 50 2 1
2 50 100 50 50 2 1
2 100 100 50 50 2 1
2 50 150 50 50 2 1
2 100 150 50 50 2 1
2 100 50 50 50 2 1
2 100 0 50 50 2 1
2 50 50 50 50 2 1
2 50 0 50 50 2 1
2 150 0 50 50 2 1
2 150 50 50 50 2 1
2 150 100 50 50 2 1
2 150 150 50 50 2 1
2 0 850 50 50 2 1
2 50 850 50 50 2 1
2 100 850 50 50 2 1
2 150 850 50 50 2 1
2 150 900 50 50 2 1
2 150 950 50 50 2 1
2 150 1000 50 50 2 1
2 150 1050 50 50 2 1
2 100 1050 50 50 2 1
2 100 1000 50 50 2 1
2 50 1000 50 50 2 1
2 50 1050 50 50 2 1
2 0 1050 50 50 2 1
2 0 1000 50 50 2 1
2 0 950 50 50 2 1
2 0 900 50 50 2 1
2 50 900 50 50 2 1
2 50 950 50 50 2 1
2 100 900 50 50 2 1
2 100 950 50 50 2 1
2 1900 0 50 50 2 1
2 1900 50 50 50 2 1
2 1900 100 50 50 2 1
2 1900 150 50 50 2 1
2 1850 150 50 50 2 1
2 1800 150 50 50 2 1
2 1750 150 50 50 2 1
2 1750 100 50 50 2 1
2 1750 0 50 50 2 1
2 1800 0 50 50 2 1
2 1850 0 50 50 2 1
2 1850 50 50 50 2 1
2 1850 100 50 50 2 1
2 1800 50 50 50 2 1
2 1750 50 50 50 2 1
2 1800 100 50 50 2 1
2 1750 900 50 50 2 1
2 1750 950 50 50 2 1
2 1750 1000 50 50 2 1
2 1800 1050 50 50 2 1
2 1800 1000 50 50 2 1
2 1750 1050 50 50 2 1
2 1850 1000 50 50 2 1
2 1850 1050 50 50 2 1
2 1900 1050 50 50 2 1
2 1900 1000 50 50 2 1
2 1850 950 50 50 2 1
2 1900 900 50 50 2 1
2 1850 900 50 50 2 1
2 1800 950 50 50 2 1
2 1800 900 50 50 2 1
2 1900 950 50 50 2 1
2 1900 850 50 50 2 1
2 1850 850 50 50 2 1
2 1800 850 50 50 2 1
2 1750 850 50 50 2 1
2 1700 850 50 50 2 1
2 1700 900 50 50 2 1
2 1700 950 50 50 2 1
2 1700 1000 50 50 2 1
2 1700 1050 50 50 2 1
2 1700 150 50 50 2 1
2 1700 100 50 50 2 1
2 1700 50 50 50 2 1
2 1700 0 50 50 2 1
2 1700 800 50 50 2 1
2 1750 800 50 50 2 1
2 1800 800 50 50 2 1
2 1900 800 50 50 2 1
2 1850 800 50 50 2 1
4 1900 250 50 50 2 1
4 1900 200 50 50 2 1
4 1900 300 50 50 2 1
4 1900 350 50 50 2 1
4 1900 400 50 50 2 1
4 1900 450 50 50 2 1
4 1900 500 50 50 2 1
4 1900 550 50 50 2 1
4 1900 600 50 50 2 1
4 1900 650 50 50 2 1
4 1900 700 50 50 2 1
4 1900 750 50 50 2 1
2 200 0 50 50 2 1
2 250 0 50 50 2 1
2 300 0 50 50 2 1
2 350 0 50 50 2 1
2 400 0 50 50 2 1
2 450 0 50 50 2 1
2 500 0 50 50 2 1
2 550 0 50 50 2 1
2 600 0 50 50 2 1
2 650 0 50 50 2 1
2 700 0 50 50 2 1
2 750 0 50 50 2 1
2 800 0 50 50 2 1
2 850 0 50 50 2 1
2 900 0 50 50 2 1
2 950 0 50 50 2 1
2 1000 0 50 50 2 1
2 1050 0 50 50 2 1
2 1100 0 50 50 2 1
2 1150 0 50 50 2 1
2 1200 0 50 50 2 1
2 1250 0 50 50 2 1
2 1300 0 50 50 2 1
2 1350 0 50 50 2 1
2 1400 0 50 50 2 1
2 1450 0 50 50 2 1
2 1500 0 50 50 2 1
2 1600 0 50 50 2 1
2 1650 0 50 50 2 1
2 1550 0 50 50 2 1
2 200 950 50 50 2 1
2 250 950 50 50 2 1
2 300 950 50 50 2 1
2 350 950 50 50 2 1
2 400 950 50 50 2 1
2 450 950 50 50 2 1
2 500 950 50 50 2 1
2 550 950 50 50 2 1
2 600 950 50 50 2 1
2 650 950 50 50 2 1
2 700 950 50 50 2 1
2 750 950 50 50 2 1
2 800 950 50 50 2 1
2 850 950 50 50 2 1
2 900 950 50 50 2 1
2 950 950 50 50 2 1
2 1050 950 50 50 2 1
2 1100 950 50 50 2 1
2 1000 950 50 50 2 1
2 1200 950 50 50 2 1
2 1250 950 50 50 2 1
2 1300 950 50 50 2 1
2 1350 950 50 50 2 1
2 1400 950 50 50 2 1
2 1450 950 50 50 2 1
2 1500 950 50 50 2 1
2 1550 950 50 50 2 1
2 1600 950 50 50 2 1
2 1650 950 50 50 2 1
2 1150 950 50 50 2 1
2 350 400 100 100 2 1
2 1050 250 100 100 2 1
2 650 750 100 100 2 1
2 1400 600 100 100 2 1
2 550 150 50 50 2 1
2 550 200 50 50 2 1
2 550 250 50 50 2 1
2 600 250 50 50 2 1
2 600 200 50 50 2 1
2 600 150 50 50 2 1
2 650 150 50 50 2 1
2 650 200 50 50 2 1
2 650 250 50 50 2 1
16 300 350 50 50 2 1
16 300 400 50 50 2 1
16 300 450 50 50 2 1
16 300 500 50 50 2 1
16 350 500 50 50 2 1
16 400 500 50 50 2 1
16 450 450 50 50 2 1
16 450 400 50 50 2 1
16 400 350 50 50 2 1
16 350 350 50 50 2 1
16 450 350 50 50 2 1
16 450 500 50 50 2 1
16 600 700 50 50 2 1
16 600 750 50 50 2 1
16 600 800 50 50 2 1
16 600 850 50 50 2 1
16 700 850 50 50 2 1
16 750 850 50 50 2 1
16 750 750 50 50 2 1
16 700 700 50 50 2 1
16 750 700 50 50 2 1
16 750 800 50 50 2 1
16 650 850 50 50 2 1
16 650 700 50 50 2 1
16 500 150 50 50 2 1
16 500 200 50 50 2 1
16 500 250 50 50 2 1
16 500 300 50 50 2 1
16 550 300 50 50 2 1
16 600 300 50 50 2 1
16 650 300 50 50 2 1
16 700 300 50 50 2 1
16 700 250 50 50 2 1
16 700 200 50 50 2 1
16 700 150 50 50 2 1
16 700 100 50 50 2 1
16 600 100 50 50 2 1
16 550 100 50 50 2 1
16 500 100 50 50 2 1
16 650 100 50 50 2 1
16 1000 200 50 50 2 1
16 1000 250 50 50 2 1
16 1000 300 50 50 2 1
16 1000 350 50 50 2 1
16 1050 350 50 50 2 1
16 1150 350 50 50 2 1
16 1150 300 50 50 2 1
16 1150 250 50 50 2 1
16 1150 200 50 50 2 1
16 1050 200 50 50 2 1
16 1100 200 50 50 2 1
16 1100 350 50 50 2 1
16 1400 550 50 50 2 1
11 450 750 50 50 2 1
16 1350 600 50 50 2 1
16 1350 550 50 50 2 1
16 1350 650 50 50 2 1
16 1350 700 50 50 2 1
16 1400 700 50 50 2 1
16 1450 700 50 50 2 1
16 1500 700 50 50 2 1
16 1500 650 50 50 2 1
16 1500 600 50 50 2 1
16 1450 550 50 50 2 1
16 1500 550 50 50 2 1
11 700 600 50 50 2 1
11 950 700 50 50 2 1
11 1200 450 50 50 2 1
11 1400 350 50 50 2 1
11 1450 300 50 50 2 1
11 1100 100 50 50 2 1
8 1000 600 50 50 2 1
11 1450 850 50 50 2 1
11 1650 400 50 50 2 1
8 1150 700 50 50 2 1
8 1100 800 50 50 2 1
8 850 250 50 50 2 1
8 850 150 50 50 2 1
8 800 450 50 50 2 1
8 1600 200 50 50 2 1
8 1650 650 50 50 2 1
2 200 1000 50 50 2 1
2 200 1050 50 50 2 1
2 250 1000 50 50 2 1
2 300 1000 50 50 2 1
2 300 1050 50 50 2 1
2 250 1050 50 50 2 1
2 350 1050 50 50 2 1
2 350 1000 50 50 2 1
2 400 1000 50 50 2 1
2 400 1050 50 50 2 1
2 450 1000 50 50 2 1
2 450 1050 50 50 2 1
2 500 1000 50 50 2 1
2 550 1000 50 50 2 1
2 550 1050 50 50 2 1
2 500 1050 50 50 2 1
2 600 1050 50 50 2 1
2 600 1000 50 50 2 1
2 650 1000 50 50 2 1
2 650 1050 50 50 2 1
2 700 1000 50 50 2 1
2 700 1050 50 50 2 1
2 750 1000 50 50 2 1
2 750 1050 50 50 2 1
2 800 1000 50 50 2 1
2 800 1050 50 50 2 1
2 850 1000 50 50 2 1
2 850 1050 50 50 2 1
2 900 1050 50 50 2 1
2 900 1000 50 50 2 1
2 950 1000 50 50 2 1
2 950 1050 50 50 2 1
2 1000 1000 50 50 2 1
2 1000 1050 50 50 2 1
2 1050 1000 50 50 2 1
2 1050 1050 50 50 2 1
2 1100 1000 50 50 2 1
2 1100 1050 50 50 2 1
2 1150 1000 50 50 2 1
2 1150 1050 50 50 2 1
2 1200 1000 50 50 2 1
2 1200 1050 50 50 2 1
2 1250 1050 50 50 2 1
2 1250 1000 50 50 2 1
2 1300 1000 50 50 2 1
2 1300 1050 50 50 2 1
2 1350 1050 50 50 2 1
2 1350 1000 50 50 2 1
2 1400 1000 50 50 2 1
2 1450 1050 50 50 2 1
2 1450 1000 50 50 2 1
2 1400 1050 50 50 2 1
2 1500 1050 50 50 2 1
2 1500 1000 50 50 2 1
2 1550 1050 50 50 2 1
2 1600 1050 50 50 2 1
2 1600 1000 50 50 2 1
2 1550 1000 50 50 2 1
2 1650 1050 50 50 2 1
2 1650 1000 50 50 2 1
CEnemy:
1700 450 50 50 0 5 10 1
1700 500 50 50 0 5 10 1
1700 550 50 50 0 5 10 1
1700 600 50 50 0 5 10 1
1700 650 50 50 0 5 10 1
1700 700 50 50 0 5 10 1
1700 750 50 50 0 5 10 1
1750 700 50 50 0 5 10 1
1750 650 50 50 0 5 10 1
1750 750 50 50 0 5 10 1
1800 750 50 50 0 5 10 1
1800 650 50 50 0 5 10 1
1800 550 50 50 0 5 10 1
1750 450 50 50 0 5 10 1
1750 350 50 50 0 5 10 1
1750 300 50 50 0 5 10 1
1750 200 50 50 0 5 10 1
1700 200 50 50 0 5 10 1
1700 250 50 50 0 5 10 1
1700 300 50 50 0 5 10 1
1700 350 50 50 0 5 10 1
1700 400 50 50 0 5 10 1
1750 250 50 50 0 5 10 1
1750 400 50 50 0 5 10 1
1750 550 50 50 0 5 10 1
1750 600 50 50 0 5 10 1
1750 500 50 50 0 5 10 1
1800 600 50 50 0 5 10 1
1800 450 50 50 0 5 10 1
1800 300 50 50 0 5 10 1
1800 250 50 50 0 5 10 1
1850 350 50 50 0 5 10 1
1850 400 50 50 0 5 10 1
1650 500 50 50 0 5 10 1
1600 400 50 50 0 5 10 1
1600 300 50 50 0 5 10 1
1550 500 50 50 0 5 10 1
1550 600 50 50 0 5 10 1
1550 700 50 50 0 5 10 1
1550 800 50 50 0 5 10 1
1550 100 50 50 0 5 10 1
1500 150 50 50 0 5 10 1
1450 200 50 50 0 5 10 1
1350 200 50 50 0 5 10 1
1300 400 50 50 0 5 10 1
1350 450 50 50 0 5 10 1
1250 650 50 50 0 5 10 1
1300 800 50 50 0 5 10 1
1350 850 50 50 0 5 10 1
