CObject:
15 0 1000 50 50 2 1
15 0 1050 50 50 2 1
15 50 1000 50 50 2 1
15 50 1050 50 50 2 1
15 100 1000 50 50 2 1
15 100 1050 50 50 2 1
15 150 1000 50 50 2 1
15 150 1050 50 50 2 1
15 200 1000 50 50 2 1
15 200 1050 50 50 2 1
15 250 1000 50 50 2 1
15 250 1050 50 50 2 1
15 300 1000 50 50 2 1
15 300 1050 50 50 2 1
15 350 1000 50 50 2 1
15 350 1050 50 50 2 1
15 400 1000 50 50 2 1
15 400 1050 50 50 2 1
15 450 1000 50 50 2 1
15 450 1050 50 50 2 1
15 500 1000 50 50 2 1
15 500 1050 50 50 2 1
15 550 1050 50 50 2 1
15 550 1000 50 50 2 1
15 600 1000 50 50 2 1
15 600 1050 50 50 2 1
15 650 1050 50 50 2 1
15 650 1000 50 50 2 1
15 700 1000 50 50 2 1
15 700 1050 50 50 2 1
15 750 1000 50 50 2 1
15 750 1050 50 50 2 1
15 800 1000 50 50 2 1
15 800 1050 50 50 2 1
15 850 1000 50 50 2 1
15 850 1050 50 50 2 1
15 900 1000 50 50 2 1
15 900 1050 50 50 2 1
15 950 1000 50 50 2 1
15 950 1050 50 50 2 1
15 1000 1000 50 50 2 1
15 1000 1050 50 50 2 1
15 1100 1000 50 50 2 1
15 1050 1050 50 50 2 1
15 1050 1000 50 50 2 1
15 1100 1050 50 50 2 1
15 1150 1000 50 50 2 1
15 1150 1050 50 50 2 1
15 1200 1000 50 50 2 1
15 1200 1050 50 50 2 1
15 1250 1050 50 50 2 1
15 1250 1000 50 50 2 1
15 1300 1000 50 50 2 1
15 1300 1050 50 50 2 1
15 1350 1050 50 50 2 1
15 1400 1050 50 50 2 1
15 1350 1000 50 50 2 1
15 1400 1000 50 50 2 1
15 1450 1050 50 50 2 1
15 1450 1000 50 50 2 1
15 1500 1000 50 50 2 1
15 1500 1050 50 50 2 1
15 1550 1050 50 50 2 1
15 1550 1000 50 50 2 1
15 1600 1050 50 50 2 1
15 1650 1000 50 50 2 1
15 1600 1000 50 50 2 1
15 1650 1050 50 50 2 1
15 1700 1050 50 50 2 1
15 1700 1000 50 50 2 1
15 1750 1000 50 50 2 1
15 1800 1050 50 50 2 1
15 1800 1000 50 50 2 1
15 1750 1050 50 50 2 1
15 1850 1050 50 50 2 1
15 1850 1000 50 50 2 1
15 1900 1000 50 50 2 1
15 1900 1050 50 50 2 1
15 1900 950 50 50 2 1
15 1900 900 50 50 2 1
15 1900 850 50 50 2 1
15 1900 800 50 50 2 1
15 1900 750 50 50 2 1
15 1900 700 50 50 2 1
15 1900 650 50 50 2 1
15 1900 600 50 50 2 1
15 1900 550 50 50 2 1
15 1900 500 50 50 2 1
15 1900 450 50 50 2 1
15 1900 400 50 50 2 1
15 1900 350 50 50 2 1
15 1900 300 50 50 2 1
15 1900 250 50 50 2 1
15 1900 200 50 50 2 1
15 1900 150 50 50 2 1
15 1900 100 50 50 2 1
15 1900 50 50 50 2 1
15 1900 0 50 50 2 1
15 1850 0 50 50 2 1
15 1850 50 50 50 2 1
15 1850 100 50 50 2 1
15 1850 250 50 50 2 1
15 1800 300 50 50 2 1
15 1850 200 50 50 2 1
15 1850 150 50 50 2 1
15 1850 300 50 50 2 1
15 1850 350 50 50 2 1
15 1850 450 50 50 2 1
15 1850 550 50 50 2 1
15 1850 700 50 50 2 1
15 1850 750 50 50 2 1
15 1800 700 50 50 2 1
15 1800 600 50 50 2 1
15 1850 650 50 50 2 1
15 1850 600 50 50 2 1
15 1800 550 50 50 2 1
15 1800 750 50 50 2 1
15 1800 850 50 50 2 1
15 1850 900 50 50 2 1
15 1850 950 50 50 2 1
15 1850 800 50 50 2 1
15 1850 850 50 50 2 1
15 1800 950 50 50 2 1
15 1800 900 50 50 2 1
15 1750 950 50 50 2 1
15 1750 900 50 50 2 1
15 1700 950 50 50 2 1
15 1650 950 50 50 2 1
15 1600 950 50 50 2 1
15 1550 950 50 50 2 1
15 1500 950 50 50 2 1
15 1600 900 50 50 2 1
15 1700 900 50 50 2 1
15 1450 950 50 50 2 1
15 1400 900 50 50 2 1
15 1350 950 50 50 2 1
15 1300 950 50 50 2 1
15 1300 900 50 50 2 1
15 1000 900 50 50 2 1
15 750 900 50 50 2 1
15 0 950 50 50 2 1
15 50 950 50 50 2 1
15 100 950 50 50 2 1
15 200 950 50 50 2 1
15 250 950 50 50 2 1
15 300 950 50 50 2 1
15 400 950 50 50 2 1
15 450 950 50 50 2 1
15 450 900 50 50 2 1
15 550 950 50 50 2 1
15 650 950 50 50 2 1
15 800 950 50 50 2 1
15 900 900 50 50 2 1
15 950 900 50 50 2 1
15 1000 950 50 50 2 1
15 1200 900 50 50 2 1
15 1250 900 50 50 2 1
15 1050 900 50 50 2 1
15 650 900 50 50 2 1
15 300 900 50 50 2 1
15 100 850 50 50 2 1
15 50 900 50 50 2 1
15 200 850 50 50 2 1
15 400 850 50 50 2 1
15 500 850 50 50 2 1
15 700 900 50 50 2 1
15 1000 850 50 50 2 1
15 1100 850 50 50 2 1
15 750 850 50 50 2 1
15 600 900 50 50 2 1
15 1550 800 50 50 2 1
15 1700 800 50 50 2 1
15 1750 800 50 50 2 1
15 1800 450 50 50 2 1
15 1850 400 50 50 2 1
15 1800 250 50 50 2 1
15 1800 150 50 50 2 1
15 1750 50 50 50 2 1
15 1800 0 50 50 2 1
15 1800 350 50 50 2 1
15 1750 400 50 50 2 1
15 1500 900 50 50 2 1
16 150 550 50 50 2 1
16 150 600 50 50 2 1
16 150 650 50 50 2 1
16 150 700 50 50 2 1
16 150 750 50 50 2 1
16 200 750 50 50 2 1
16 250 750 50 50 2 1
16 300 750 50 50 2 1
16 350 750 50 50 2 1
16 350 700 50 50 2 1
16 350 650 50 50 2 1
16 350 600 50 50 2 1
16 350 550 50 50 2 1
16 300 550 50 50 2 1
16 250 550 50 50 2 1
16 200 550 50 50 2 1
16 650 300 50 50 2 1
16 650 350 50 50 2 1
16 650 400 50 50 2 1
16 650 450 50 50 2 1
16 650 500 50 50 2 1
16 750 500 50 50 2 1
16 800 500 50 50 2 1
16 850 500 50 50 2 1
16 700 500 50 50 2 1
16 850 450 50 50 2 1
16 850 400 50 50 2 1
16 850 350 50 50 2 1
16 850 300 50 50 2 1
16 800 300 50 50 2 1
16 750 300 50 50 2 1
16 700 300 50 50 2 1
16 300 150 50 50 2 1
16 300 200 50 50 2 1
16 300 250 50 50 2 1
16 350 250 50 50 2 1
16 400 250 50 50 2 1
16 400 200 50 50 2 1
16 400 150 50 50 2 1
16 350 150 50 50 2 1
16 1050 550 50 50 2 1
16 1050 650 50 50 2 1
16 1150 550 50 50 2 1
16 1150 650 50 50 2 1
2 350 200 50 50 2 1
2 700 350 50 50 2 1
2 700 400 50 50 2 1
2 700 450 50 50 2 1
2 750 400 50 50 2 1
2 750 350 50 50 2 1
2 800 400 50 50 2 1
2 750 450 50 50 2 1
2 800 450 50 50 2 1
2 800 350 50 50 2 1
2 200 600 150 150 2 1
2 1050 600 50 50 2 1
2 1150 600 50 50 2 1
2 1100 650 50 50 2 1
2 1100 550 50 50 2 1
4 1100 600 50 50 2 1
14 150 950 50 50 2 1
14 150 900 50 50 2 1
14 100 900 50 50 2 1
14 0 900 50 50 2 1
14 200 900 50 50 2 1
14 250 900 50 50 2 1
14 350 950 50 50 2 1
14 350 900 50 50 2 1
14 400 900 50 50 2 1
14 500 900 50 50 2 1
14 500 950 50 50 2 1
14 550 900 50 50 2 1
14 600 950 50 50 2 1
14 700 950 50 50 2 1
14 750 950 50 50 2 1
14 800 900 50 50 2 1
14 850 900 50 50 2 1
14 850 950 50 50 2 1
14 950 950 50 50 2 1
14 900 950 50 50 2 1
14 1050 950 50 50 2 1
14 1100 950 50 50 2 1
14 1100 900 50 50 2 1
14 1150 900 50 50 2 1
14 1150 950 50 50 2 1
14 1200 950 50 50 2 1
14 1250 950 50 50 2 1
14 1350 900 50 50 2 1
14 1400 950 50 50 2 1
14 1450 900 50 50 2 1
14 1550 900 50 50 2 1
14 1650 900 50 50 2 1
14 1700 850 50 50 2 1
14 1750 850 50 50 2 1
14 1800 800 50 50 2 1
14 1750 750 50 50 2 1
14 1750 700 50 50 2 1
14 1800 650 50 50 2 1
14 1750 650 50 50 2 1
14 1750 600 50 50 2 1
14 1750 550 50 50 2 1
14 1750 500 50 50 2 1
14 1800 500 50 50 2 1
14 1850 500 50 50 2 1
14 1800 400 50 50 2 1
14 1750 450 50 50 2 1
14 1750 350 50 50 2 1
14 1750 300 50 50 2 1
14 1750 250 50 50 2 1
14 1750 200 50 50 2 1
14 1750 150 50 50 2 1
14 1800 200 50 50 2 1
14 1800 100 50 50 2 1
14 1750 100 50 50 2 1
14 1800 50 50 50 2 1
14 1750 0 50 50 2 1
14 1700 50 50 50 2 1
14 1700 200 50 50 2 1
14 1700 350 50 50 2 1
14 1700 500 50 50 2 1
14 1700 600 50 50 2 1
14 1650 700 50 50 2 1
14 1650 750 50 50 2 1
14 1600 800 50 50 2 1
14 1400 850 50 50 2 1
14 1250 800 50 50 2 1
14 1050 800 50 50 2 1
14 900 800 50 50 2 1
14 850 850 50 50 2 1
14 600 800 50 50 2 1
14 550 850 50 50 2 1
14 300 850 50 50 2 1
14 150 850 50 50 2 1
14 50 850 50 50 2 1
6 150 500 50 50 2 1
6 500 650 50 50 2 1
6 1000 200 50 50 2 1
7 50 750 50 50 2 1
7 750 700 50 50 2 1
3 1250 300 50 50 2 1
10 450 800 50 50 2 1
10 950 850 50 50 2 1
10 1700 250 50 50 2 1
9 250 850 50 50 2 1
9 1050 850 50 50 2 1
9 1700 650 50 50 2 1
11 1650 850 50 50 2 1
11 1650 600 50 50 2 1
11 1650 300 50 50 2 1
3 1150 850 50 50 2 1
8 650 850 50 50 2 1
5 550 700 50 50 2 1
8 650 700 50 50 2 1
3 1300 0 50 50 2 1
3 1350 0 50 50 2 1
3 1400 0 50 50 2 1
3 1450 0 50 50 2 1
3 1500 0 50 50 2 1
3 1500 50 50 50 2 1
3 1500 100 50 50 2 1
3 1450 50 50 50 2 1
3 1400 50 50 50 2 1
3 1350 50 50 50 2 1
3 1300 100 50 50 2 1
3 1300 50 50 50 2 1
3 1350 100 50 50 2 1
3 1400 100 50 50 2 1
3 1450 100 50 50 2 1
3 1400 150 50 50 2 1
3 1350 150 50 50 2 1
3 1300 150 50 50 2 1
3 1250 150 50 50 2 1
3 1450 150 50 50 2 1
3 1400 200 50 50 2 1
3 1450 200 50 50 2 1
3 1400 250 50 50 2 1
3 1350 250 50 50 2 1
3 1350 200 50 50 2 1
3 1300 200 50 50 2 1
3 1250 200 50 50 2 1
3 1250 250 50 50 2 1
3 1200 300 50 50 2 1
3 1300 250 50 50 2 1
17 1050 350 50 50 2 1
3 1350 300 50 50 2 1
17 1050 400 50 50 2 1
17 1100 350 50 50 2 1
17 1100 400 50 50 2 1
17 1150 350 50 50 2 1
17 1150 400 50 50 2 1
17 1150 450 50 50 2 1
3 1400 300 50 50 2 1
17 1200 400 50 50 2 1
3 1200 250 50 50 2 1
3 1200 200 50 50 2 1
17 1200 350 50 50 2 1
17 1250 350 50 50 2 1
3 1100 450 50 50 2 1
17 1300 300 50 50 2 1
17 1300 350 50 50 2 1
3 1200 500 50 50 2 1
3 1250 450 50 50 2 1
17 1250 400 50 50 2 1
17 1300 400 50 50 2 1
17 1350 400 50 50 2 1
17 1350 350 50 50 2 1
3 1400 450 50 50 2 1
17 1350 450 50 50 2 1
3 1300 450 50 50 2 1
3 1200 450 50 50 2 1
3 1100 500 50 50 2 1
3 1050 500 50 50 2 1
3 1000 500 50 50 2 1
3 1050 450 50 50 2 1
3 1150 500 50 50 2 1
3 1250 500 50 50 2 1
3 1300 500 50 50 2 1
3 1350 500 50 50 2 1
3 1400 500 50 50 2 1
3 1400 550 50 50 2 1
3 1300 600 50 50 2 1
3 1250 550 50 50 2 1
3 1350 550 50 50 2 1
3 1350 600 50 50 2 1
3 1300 550 50 50 2 1
3 1300 650 50 50 2 1
3 1250 600 50 50 2 1
3 1200 550 50 50 2 1
3 1200 650 50 50 2 1
3 1250 650 50 50 2 1
3 1200 600 50 50 2 1
3 1400 600 50 50 2 1
3 1350 700 50 50 2 1
3 1300 700 50 50 2 1
3 1350 650 50 50 2 1
3 1200 700 50 50 2 1
3 1150 750 50 50 2 1
3 1100 750 50 50 2 1
3 1200 750 50 50 2 1
3 1250 700 50 50 2 1
3 1150 800 50 50 2 1
3 1100 800 50 50 2 1
3 1200 800 50 50 2 1
3 1250 750 50 50 2 1
3 1350 750 50 50 2 1
3 1300 750 50 50 2 1
3 1150 700 50 50 2 1
3 1100 700 50 50 2 1
3 1050 700 50 50 2 1
3 1050 750 50 50 2 1
3 1000 700 50 50 2 1
3 1000 750 50 50 2 1
3 1000 600 50 50 2 1
3 1000 550 50 50 2 1
3 1000 650 50 50 2 1
3 950 700 50 50 2 1
3 950 750 50 50 2 1
3 950 800 50 50 2 1
3 1000 800 50 50 2 1
3 950 600 50 50 2 1
3 950 650 50 50 2 1
3 900 650 50 50 2 1
3 900 700 50 50 2 1
3 900 750 50 50 2 1
3 850 750 50 50 2 1
3 850 800 50 50 2 1
3 900 850 50 50 2 1
3 800 850 50 50 2 1
3 800 800 50 50 2 1
3 950 850 50 50 2 1
3 1050 850 50 50 2 1
3 1200 850 50 50 2 1
3 1450 450 50 50 2 1
17 1400 400 50 50 2 1
17 1400 350 50 50 2 1
3 1450 300 50 50 2 1
3 1450 250 50 50 2 1
3 1500 250 50 50 2 1
3 1500 200 50 50 2 1
3 1500 150 50 50 2 1
3 1550 150 50 50 2 1
3 1600 50 50 50 2 1
3 1550 0 50 50 2 1
3 1550 50 50 50 2 1
3 1600 0 50 50 2 1
3 1550 100 50 50 2 1
17 1450 350 50 50 2 1
17 1450 400 50 50 2 1
17 1500 400 50 50 2 1
17 1450 500 50 50 2 1
17 1500 450 50 50 2 1
17 1150 300 50 50 2 1
17 1100 300 50 50 2 1
17 1000 400 50 50 2 1
17 1000 450 50 50 2 1
17 950 500 50 50 2 1
17 950 450 50 50 2 1
17 950 550 50 50 2 1
1 0 150 50 50 2 1
1 50 150 50 50 2 1
1 100 150 50 50 2 1
1 150 150 50 50 2 1
1 150 200 50 50 2 1
1 100 200 50 50 2 1
1 50 200 50 50 2 1
1 0 200 50 50 2 1
1 200 400 50 50 2 1
1 250 450 50 50 2 1
1 300 450 50 50 2 1
1 350 450 50 50 2 1
1 400 400 50 50 2 1
1 0 250 50 50 2 1
1 100 250 50 50 2 1
1 50 250 50 50 2 1
1 150 250 50 50 2 1
1 100 300 50 50 2 1
1 50 300 50 50 2 1
1 0 300 50 50 2 1
1 0 350 50 50 2 1
1 150 300 50 50 2 1
1 50 350 50 50 2 1
1 0 400 50 50 2 1
1 100 350 50 50 2 1
1 500 600 50 50 2 1
1 550 600 50 50 2 1
1 600 600 50 50 2 1
1 650 600 50 50 2 1
1 700 600 50 50 2 1
1 750 600 50 50 2 1
1 850 600 50 50 2 1
1 800 600 50 50 2 1
1 850 650 50 50 2 1
1 850 700 50 50 2 1
1 450 600 50 50 2 1
1 450 650 50 50 2 1
1 450 700 50 50 2 1
1 450 750 50 50 2 1
1 400 800 50 50 2 1
1 450 850 50 50 2 1
1 800 750 50 50 2 1
1 750 800 50 50 2 1
1 800 700 50 50 2 1
1 800 650 50 50 2 1
1 0 450 50 50 2 1
1 0 500 50 50 2 1
1 0 550 50 50 2 1
1 0 600 50 50 2 1
1 0 650 50 50 2 1
1 0 700 50 50 2 1
1 0 750 50 50 2 1
1 0 800 50 50 2 1
1 0 850 50 50 2 1
1 50 650 50 50 2 1
1 100 650 50 50 2 1
1 50 450 50 50 2 1
1 100 450 50 50 2 1
1 150 450 50 50 2 1
1 200 450 50 50 2 1
1 400 450 50 50 2 1
1 450 450 50 50 2 1
1 500 450 50 50 2 1
1 550 450 50 50 2 1
1 600 450 50 50 2 1
1 450 350 50 50 2 1
1 200 350 50 50 2 1
1 150 350 50 50 2 1
1 500 300 50 50 2 1
1 500 350 50 50 2 1
1 450 400 50 50 2 1
1 500 400 50 50 2 1
5 300 350 50 50 2 4
13 0 100 50 50 2 4
13 100 0 50 50 2 4
12 0 0 50 50 2 4
2 200 150 50 50 2 4
12 100 100 50 50 2 4
2 250 150 50 50 2 4
2 450 150 50 50 2 4
2 500 150 50 50 2 4
2 550 150 50 50 2 4
2 550 200 50 50 2 4
2 550 250 50 50 2 4
2 600 250 50 50 2 4
1 300 0 50 50 2 4
1 300 50 50 50 2 4
1 350 0 50 50 2 4
1 350 50 50 50 2 4
1 300 100 50 50 2 4
1 400 0 50 50 2 4
1 400 50 50 50 2 4
1 350 100 50 50 2 4
1 450 50 50 50 2 4
1 450 0 50 50 2 4
1 400 100 50 50 2 4
1 450 100 50 50 2 4
1 500 50 50 50 2 4
1 500 0 50 50 2 4
1 500 100 50 50 2 4
1 550 0 50 50 2 4
1 550 50 50 50 2 4
1 550 100 50 50 2 4
1 600 0 50 50 2 4
1 600 50 50 50 2 4
1 650 100 50 50 2 4
1 700 150 50 50 2 4
1 650 150 50 50 2 4
1 600 100 50 50 2 4
1 600 200 50 50 2 4
1 600 150 50 50 2 4
1 650 200 50 50 2 4
1 700 200 50 50 2 4
1 650 250 50 50 2 4
1 700 250 50 50 2 4
17 1150 250 50 50 2 4
14 400 300 50 50 2 4
14 850 100 50 50 2 4
14 800 50 50 50 2 4
14 900 300 50 50 2 4
14 400 550 50 50 2 4
14 250 800 50 50 2 4
14 700 750 50 50 2 4
14 1450 750 50 50 2 4
14 1600 250 50 50 2 4
CPlayer:
50 50 9999 9999 9999 9999 9999
CEnemy:
1550 450 50 50 0 5 10 1
1550 550 50 50 0 5 10 1
1500 650 50 50 0 5 10 1
1100 150 50 50 0 5 10 3
1000 300 50 50 0 5 10 3
1050 0 50 50 0 5 10 2
1000 100 50 50 0 5 10 2
900 150 50 50 0 5 10 2
850 200 50 50 0 5 10 2
500 550 50 50 0 5 10 4
650 550 50 50 0 5 10 4
750 550 50 50 0 5 10 4
900 550 50 50 0 5 10 4
1550 450 50 50 0 5 10 1
1550 550 50 50 0 5 10 1
1500 650 50 50 0 5 10 1
1100 150 50 50 0 5 10 3
1000 300 50 50 0 5 10 3
1050 0 50 50 0 5 10 2
1000 100 50 50 0 5 10 2
900 150 50 50 0 5 10 2
850 200 50 50 0 5 10 2
500 550 50 50 0 5 10 4
650 550 50 50 0 5 10 4
750 550 50 50 0 5 10 4
900 550 50 50 0 5 10 4
