CObject:
2 50 550 50 50 2 1
2 100 500 50 50 2 1
2 150 500 50 50 2 1
2 200 500 50 50 2 1
2 250 550 50 50 2 1
2 400 300 50 50 2 1
2 450 250 50 50 2 1
2 500 250 50 50 2 1
2 550 250 50 50 2 1
2 600 300 50 50 2 1
2 650 650 50 50 2 1
2 700 600 50 50 2 1
2 750 600 50 50 2 1
2 800 600 50 50 2 1
2 850 650 50 50 2 1
2 1050 400 50 50 2 1
2 1100 350 50 50 2 1
2 1150 350 50 50 2 1
2 1200 350 50 50 2 1
2 1250 400 50 50 2 1
5 50 50 50 50 5 1
5 350 50 50 50 5 1
5 650 50 50 50 5 1
5 1000 50 50 50 5 1
5 1300 50 50 50 5 1
14 200 550 50 50 2 1
14 50 500 50 50 2 1
14 1100 400 50 50 2 1
14 800 650 50 50 2 1
14 500 300 50 50 2 1
14 0 550 50 50 2 1
14 0 600 50 50 2 1
14 50 600 50 50 2 1
14 100 550 50 50 2 1
14 100 600 50 50 2 2
14 150 600 50 50 2 1
14 200 650 50 50 2 1
14 200 600 50 50 2 2
14 100 450 50 50 2 1
14 150 550 50 50 2 2
14 150 450 50 50 2 1
14 200 450 50 50 2 2
14 250 450 50 50 2 1
14 250 500 50 50 2 1
14 300 500 50 50 2 2
14 300 550 50 50 2 1
14 300 600 50 50 2 2
14 250 600 50 50 2 2
14 50 450 50 50 2 2
14 0 500 50 50 2 2
14 650 600 50 50 2 1
14 600 650 50 50 2 1
14 650 700 50 50 2 1
14 700 700 50 50 2 1
14 750 700 50 50 2 2
14 700 650 50 50 2 1
14 750 650 50 50 2 1
14 800 700 50 50 2 2
14 850 700 50 50 2 1
14 900 700 50 50 2 1
14 900 650 50 50 2 2
14 900 600 50 50 2 2
14 850 600 50 50 2 1
14 850 550 50 50 2 2
14 800 550 50 50 2 1
14 700 550 50 50 2 2
14 750 550 50 50 2 1
14 650 550 50 50 2 2
14 400 250 50 50 2 1
14 350 250 50 50 2 1
14 350 300 50 50 2 2
14 350 350 50 50 2 1
14 450 350 50 50 2 1
14 450 300 50 50 2 2
14 400 350 50 50 2 1
14 450 200 50 50 2 1
14 500 200 50 50 2 2
14 550 200 50 50 2 1
14 600 200 50 50 2 1
14 600 250 50 50 2 2
14 650 250 50 50 2 1
14 650 300 50 50 2 1
14 600 350 50 50 2 2
14 550 350 50 50 2 1
14 550 300 50 50 2 1
14 500 350 50 50 2 2
14 650 350 50 50 2 1
14 1150 400 50 50 2 1
14 1200 400 50 50 2 1
14 1050 350 50 50 2 2
14 1100 300 50 50 2 1
14 1050 300 50 50 2 1
14 1000 350 50 50 2 1
14 1000 400 50 50 2 1
14 1050 450 50 50 2 1
14 1150 450 50 50 2 1
14 1200 450 50 50 2 1
14 1250 450 50 50 2 1
14 1250 350 50 50 2 1
14 1200 300 50 50 2 1
14 1150 300 50 50 2 1
14 1100 450 50 50 2 1
14 1000 450 50 50 2 1
14 1350 450 50 50 2 1
14 1300 450 50 50 2 1
14 1100 900 50 50 2 1
14 1350 750 50 50 2 1
14 1150 650 50 50 2 1
14 1150 800 50 50 2 1
14 1250 850 50 50 2 1
14 400 800 50 50 2 1
14 500 550 50 50 2 1
14 100 300 50 50 2 1
14 150 250 50 50 2 1
14 200 300 50 50 2 1
14 250 850 50 50 2 1
14 50 650 50 50 2 1
14 500 900 50 50 2 1
14 800 900 50 50 2 1
14 750 800 50 50 2 1
6 100 550 50 50 2 1
6 1200 400 50 50 2 1
7 750 650 50 50 2 1
7 450 300 50 50 2 1
15 0 0 50 50 2 1
15 0 50 50 50 2 1
15 0 100 50 50 2 1
15 50 0 50 50 2 1
15 100 0 50 50 2 2
15 50 100 50 50 2 1
15 100 50 50 50 2 1
15 100 100 50 50 2 2
15 300 0 50 50 2 1
15 300 50 50 50 2 1
15 300 100 50 50 2 1
15 350 100 50 50 2 1
15 400 100 50 50 2 2
15 400 50 50 50 2 1
15 400 0 50 50 2 2
15 350 0 50 50 2 1
15 600 0 50 50 2 1
15 600 50 50 50 2 1
15 600 100 50 50 2 2
15 650 100 50 50 2 1
15 700 100 50 50 2 1
15 700 50 50 50 2 1
15 700 0 50 50 2 2
15 650 0 50 50 2 1
15 950 0 50 50 2 1
15 950 50 50 50 2 1
15 950 100 50 50 2 2
15 1000 100 50 50 2 1
15 1050 100 50 50 2 1
15 1050 50 50 50 2 1
15 1050 0 50 50 2 2
15 1000 0 50 50 2 1
15 1250 0 50 50 2 2
15 1250 50 50 50 2 1
15 1250 100 50 50 2 1
15 1300 100 50 50 2 1
15 1350 100 50 50 2 2
15 1350 50 50 50 2 1
15 1350 0 50 50 2 2
15 1300 0 50 50 2 1
15 750 0 50 50 2 2
15 800 50 50 50 2 1
15 750 100 50 50 2 1
15 500 50 50 50 2 1
15 550 50 50 50 2 1
15 450 0 50 50 2 1
15 450 50 50 50 2 2
15 150 50 50 50 2 1
15 200 0 50 50 2 1
15 50 150 50 50 2 2
15 100 150 50 50 2 1
15 950 150 50 50 2 1
15 900 50 50 50 2 1
15 1150 100 50 50 2 2
15 1100 50 50 50 2 1
15 1050 150 50 50 2 2
15 1400 50 50 50 2 1
15 1150 0 50 50 2 1
15 1250 150 50 50 2 1
1 0 150 50 50 10 2
1 50 150 50 50 10 2
1 100 150 50 50 10 2
1 100 200 50 50 10 2
1 50 200 50 50 10 2
1 200 150 50 50 10 2
1 150 150 50 50 10 2
1 250 150 50 50 10 2
1 300 150 50 50 10 2
1 400 150 50 50 10 2
1 350 150 50 50 10 2
1 300 200 50 50 10 2
1 450 150 50 50 10 2
1 500 150 50 50 10 2
1 600 150 50 50 10 2
1 650 150 50 50 10 2
1 550 150 50 50 10 2
1 650 200 50 50 10 2
1 750 150 50 50 10 2
1 800 200 50 50 10 2
1 750 200 50 50 10 2
1 800 150 50 50 10 2
1 700 150 50 50 10 2
1 900 150 50 50 10 2
1 850 200 50 50 10 2
1 950 200 50 50 10 2
1 1000 150 50 50 10 2
1 1050 150 50 50 10 2
1 1100 150 50 50 10 2
1 1150 150 50 50 10 2
1 1200 150 50 50 10 2
1 1250 150 50 50 10 2
1 1300 150 50 50 10 2
1 1350 150 50 50 10 2
1 1450 150 50 50 10 2
1 1400 150 50 50 10 2
1 1000 200 50 50 10 2
1 1100 200 50 50 10 2
1 1200 200 50 50 10 2
1 1400 200 50 50 10 2
1 1250 250 50 50 10 2
1 1150 200 50 50 10 2
1 1350 200 50 50 10 2
1 1350 250 50 50 10 2
1 350 200 50 50 10 2
1 300 300 50 50 10 2
1 50 250 50 50 10 2
1 0 250 50 50 10 2
1 950 150 50 50 10 2
1 850 150 50 50 10 2
1 900 200 50 50 10 2
1 900 250 50 50 10 2
1 750 250 50 50 10 2
1 950 300 50 50 10 2
4 1450 200 50 50 1 1
4 1450 250 50 50 1 1
4 1450 300 50 50 1 1
4 1450 350 50 50 1 1
4 1450 400 50 50 1 1
4 1450 450 50 50 1 1
4 1450 500 50 50 1 1
4 1450 550 50 50 1 1
4 1450 600 50 50 1 1
4 1450 650 50 50 1 1
4 1450 700 50 50 1 1
4 1450 750 50 50 1 1
4 1450 800 50 50 1 1
4 1450 850 50 50 1 1
4 1450 900 50 50 1 1
4 1450 950 50 50 1 1
CPlayer:
100 850 5 20 1 0 5
CEnemy:
800 350 100 100 0 5 10 1
200 200 100 100 0 5 10 1
0 350 100 100 0 5 10 1
