CObject:
15 1450 0 50 50 2 1
15 1400 0 50 50 2 1
15 1350 50 50 50 2 1
15 1400 150 50 50 2 1
15 1450 200 50 50 2 1
15 1400 200 50 50 2 1
15 1350 300 50 50 2 1
15 1400 350 50 50 2 1
15 1450 100 50 50 2 1
15 1350 200 50 50 2 1
15 1450 500 50 50 2 1
15 1400 600 50 50 2 1
15 1350 650 50 50 2 1
15 1350 600 50 50 2 1
15 1400 750 50 50 2 1
15 1400 800 50 50 2 1
15 1400 850 50 50 2 1
15 1400 900 50 50 2 1
15 1350 950 50 50 2 1
15 1350 900 50 50 2 1
15 1350 750 50 50 2 1
15 1350 700 50 50 2 1
15 1450 900 50 50 2 1
15 1450 750 50 50 2 1
15 1400 650 50 50 2 1
15 1400 550 50 50 2 1
15 1400 450 50 50 2 1
15 1350 250 50 50 2 1
15 1400 100 50 50 2 1
15 1400 250 50 50 2 1
15 1400 300 50 50 2 1
15 1350 450 50 50 2 1
15 1300 500 50 50 2 1
15 1300 550 50 50 2 1
15 1300 700 50 50 2 1
15 1350 100 50 50 2 1
15 1250 50 50 50 2 1
15 1300 50 50 50 2 1
15 1300 150 50 50 2 1
15 1250 250 50 50 2 1
15 1250 450 50 50 2 1
15 1250 600 50 50 2 1
15 1250 700 50 50 2 1
15 1250 750 50 50 2 1
15 1350 850 50 50 2 1
15 1400 950 50 50 2 1
15 1300 800 50 50 2 1
15 1200 850 50 50 2 1
15 1200 750 50 50 2 1
15 1250 550 50 50 2 1
15 1300 400 50 50 2 1
15 1250 300 50 50 2 1
15 1200 300 50 50 2 1
15 1250 200 50 50 2 1
15 1200 0 50 50 2 1
15 1250 500 50 50 2 1
15 1150 700 50 50 2 1
15 1300 900 50 50 2 1
15 1250 950 50 50 2 1
15 1200 500 50 50 2 1
15 1400 400 50 50 2 1
15 1350 350 50 50 2 1
15 1250 350 50 50 2 1
3 650 0 50 50 2 1
3 600 0 50 50 2 1
3 500 0 50 50 2 1
3 450 0 50 50 2 1
3 400 0 50 50 2 1
3 350 0 50 50 2 1
3 300 0 50 50 2 1
3 250 0 50 50 2 1
3 200 0 50 50 2 1
3 150 0 50 50 2 1
3 550 0 50 50 2 1
3 150 50 50 50 2 1
3 200 50 50 50 2 1
3 250 50 50 50 2 1
3 300 50 50 50 2 1
3 350 50 50 50 2 1
3 450 50 50 50 2 1
3 500 50 50 50 2 1
3 550 50 50 50 2 1
3 600 50 50 50 2 1
3 400 50 50 50 2 1
3 100 50 50 50 2 1
3 100 100 50 50 2 1
3 50 100 50 50 2 1
3 0 100 50 50 2 1
3 200 100 50 50 2 1
3 300 100 50 50 2 1
3 400 100 50 50 2 1
3 450 100 50 50 2 1
3 500 100 50 50 2 1
3 250 100 50 50 2 1
3 150 100 50 50 2 1
3 350 100 50 50 2 1
3 250 150 50 50 2 1
3 200 200 50 50 2 1
3 100 150 50 50 2 1
3 50 150 50 50 2 1
3 0 150 50 50 2 1
3 0 200 50 50 2 1
3 50 200 50 50 2 1
3 150 150 50 50 2 1
3 200 150 50 50 2 1
3 100 200 50 50 2 1
3 100 250 50 50 2 1
3 150 200 50 50 2 1
3 50 250 50 50 2 1
3 0 250 50 50 2 1
3 0 300 50 50 2 1
3 0 350 50 50 2 1
3 100 300 50 50 2 1
3 150 250 50 50 2 1
3 50 350 50 50 2 1
3 50 300 50 50 2 1
3 100 350 50 50 2 1
3 150 300 50 50 2 1
3 150 350 50 50 2 1
3 200 300 50 50 2 1
3 200 250 50 50 2 1
3 250 200 50 50 2 1
3 300 200 50 50 2 1
3 250 250 50 50 2 1
3 250 300 50 50 2 1
3 500 350 50 50 2 1
3 250 600 50 50 2 1
3 300 600 50 50 2 1
3 150 750 50 50 2 1
3 100 850 50 50 2 1
3 50 850 50 50 2 1
3 0 900 50 50 2 1
3 50 900 50 50 2 1
3 0 950 50 50 2 1
3 200 800 50 50 2 1
3 200 350 50 50 2 1
3 250 350 50 50 2 1
3 250 800 50 50 2 1
3 750 100 50 50 2 1
3 750 0 50 50 2 1
3 700 100 50 50 2 1
3 350 550 50 50 2 1
3 400 550 50 50 2 1
3 150 550 50 50 2 1
17 450 400 50 50 2 1
3 100 550 50 50 2 1
3 50 600 50 50 2 1
3 0 550 50 50 2 1
3 0 650 50 50 2 1
3 50 550 50 50 2 1
3 0 600 50 50 2 1
3 50 650 50 50 2 1
3 50 700 50 50 2 1
3 50 750 50 50 2 1
3 100 750 50 50 2 1
3 100 800 50 50 2 1
3 50 800 50 50 2 1
3 0 700 50 50 2 1
3 0 750 50 50 2 1
3 0 800 50 50 2 1
3 0 850 50 50 2 1
3 150 700 50 50 2 1
3 150 650 50 50 2 1
3 150 600 50 50 2 1
3 100 650 50 50 2 1
3 100 600 50 50 2 1
3 250 550 50 50 2 1
3 100 700 50 50 2 1
3 200 650 50 50 2 1
3 200 600 50 50 2 1
3 200 550 50 50 2 1
17 450 450 50 50 2 1
17 450 500 50 50 2 1
17 350 400 50 50 2 1
3 300 350 50 50 2 1
3 350 300 50 50 2 1
3 350 250 50 50 2 1
3 300 150 50 50 2 1
3 350 200 50 50 2 1
3 300 250 50 50 2 1
3 300 300 50 50 2 1
3 400 150 50 50 2 1
3 350 150 50 50 2 1
3 450 150 50 50 2 1
3 500 150 50 50 2 1
3 450 200 50 50 2 1
3 400 200 50 50 2 1
3 400 250 50 50 2 1
3 400 300 50 50 2 1
3 350 350 50 50 2 1
17 350 450 50 50 2 1
17 350 500 50 50 2 1
3 300 550 50 50 2 1
3 200 700 50 50 2 1
3 200 750 50 50 2 1
3 250 700 50 50 2 1
3 500 300 50 50 2 1
3 600 100 50 50 2 1
3 700 0 50 50 2 1
3 650 50 50 50 2 1
3 500 200 50 50 2 1
3 450 300 50 50 2 1
17 0 400 50 50 2 1
3 250 650 50 50 2 1
3 350 600 50 50 2 1
17 0 450 50 50 2 1
17 0 500 50 50 2 1
3 550 350 50 50 2 1
3 550 300 50 50 2 1
3 600 250 50 50 2 1
3 600 200 50 50 2 1
3 650 100 50 50 2 1
3 750 50 50 50 2 1
3 700 50 50 50 2 1
3 550 200 50 50 2 1
17 50 400 50 50 2 1
17 50 450 50 50 2 1
17 50 500 50 50 2 1
3 550 100 50 50 2 1
3 650 150 50 50 2 1
3 450 350 50 50 2 1
17 100 400 50 50 2 1
3 400 350 50 50 2 1
3 450 250 50 50 2 1
3 500 250 50 50 2 1
3 550 150 50 50 2 1
3 550 250 50 50 2 1
3 600 150 50 50 2 1
2 700 150 50 50 2 1
2 750 150 50 50 2 1
2 800 150 50 50 2 1
2 850 150 50 50 2 1
2 900 150 50 50 2 1
2 950 150 50 50 2 1
2 1000 150 50 50 2 1
2 1100 150 50 50 2 1
2 1150 150 50 50 2 1
2 1200 150 50 50 2 1
2 1250 150 50 50 2 1
2 800 200 50 50 2 1
2 1100 200 50 50 2 1
2 1050 150 50 50 2 1
2 750 250 50 50 2 1
2 850 250 50 50 2 1
2 1050 250 50 50 2 1
2 1150 250 50 50 2 1
2 950 200 50 50 2 1
2 900 250 50 50 2 1
2 1000 250 50 50 2 1
2 700 200 50 50 2 1
2 650 250 50 50 2 1
2 1200 200 50 50 2 1
2 900 300 50 50 2 1
2 700 300 50 50 2 1
2 750 300 50 50 2 1
2 1150 350 50 50 2 1
2 750 350 50 50 2 1
2 650 350 50 50 2 1
2 950 350 50 50 2 1
2 1000 300 50 50 2 1
16 850 50 50 50 2 1
16 850 100 50 50 2 1
16 900 50 50 50 2 1
16 900 100 50 50 2 1
16 1100 50 50 50 2 1
16 1100 100 50 50 2 1
16 1150 50 50 50 2 1
16 1150 100 50 50 2 1
16 1300 0 50 50 2 1
16 1300 100 50 50 2 1
16 800 0 50 50 2 1
16 1000 200 50 50 2 1
16 1050 200 50 50 2 1
16 850 200 50 50 2 1
16 950 250 50 50 2 1
16 800 250 50 50 2 1
16 800 400 50 50 2 1
15 1100 450 50 50 2 1
15 1100 500 50 50 2 1
16 600 350 50 50 2 1
16 650 400 50 50 2 1
16 750 450 50 50 2 1
15 1000 450 50 50 2 1
16 1050 400 50 50 2 1
16 1050 350 50 50 2 1
16 900 400 50 50 2 1
16 850 300 50 50 2 1
16 1100 300 50 50 2 1
15 900 450 50 50 2 1
16 1150 400 50 50 2 1
16 1200 350 50 50 2 1
15 800 500 50 50 2 1
15 750 500 50 50 2 1
15 650 450 50 50 2 1
15 600 450 50 50 2 1
15 550 450 50 50 2 1
15 650 500 50 50 2 1
15 850 550 50 50 2 1
15 1000 550 50 50 2 1
17 100 450 50 50 2 1
17 100 500 50 50 2 1
17 150 500 50 50 2 1
17 150 450 50 50 2 1
17 150 400 50 50 2 1
17 200 400 50 50 2 1
17 200 450 50 50 2 1
17 200 500 50 50 2 1
17 250 500 50 50 2 1
17 250 450 50 50 2 1
17 250 400 50 50 2 1
17 300 400 50 50 2 1
17 300 450 50 50 2 1
17 300 500 50 50 2 1
17 400 400 50 50 2 1
17 400 450 50 50 2 1
17 400 500 50 50 2 1
17 500 400 50 50 2 1
17 500 450 50 50 2 1
17 500 500 50 50 2 1
7 1200 550 50 50 2 1
7 900 500 50 50 2 1
7 1100 600 50 50 2 1
7 650 550 50 50 2 1
7 700 500 50 50 2 1
4 0 400 50 50 2 1
4 0 450 50 50 2 1
4 0 500 50 50 2 1
CEnemy:
1150 650 50 50 0 5 10 2
750 600 50 50 0 5 10 2
1000 350 50 50 0 5 10 2
800 450 50 50 0 5 10 2
