CObject:
3 50 900 50 50 2 1
3 0 900 50 50 2 1
17 0 950 50 50 2 1
3 200 850 50 50 2 1
17 50 950 50 50 2 1
17 100 950 50 50 2 1
17 150 950 50 50 2 1
17 200 950 50 50 2 1
17 250 950 50 50 2 1
17 300 950 50 50 2 1
3 300 850 50 50 2 1
3 100 850 50 50 2 1
3 250 800 50 50 2 1
3 300 750 50 50 2 1
3 150 850 50 50 2 1
3 200 800 50 50 2 1
3 250 700 50 50 2 1
3 300 700 50 50 2 1
3 200 750 50 50 2 1
3 150 800 50 50 2 1
3 250 750 50 50 2 1
3 250 650 50 50 2 1
3 150 750 50 50 2 1
3 500 650 50 50 2 1
3 400 600 50 50 2 1
3 400 700 50 50 2 1
3 350 750 50 50 2 1
3 400 800 50 50 2 1
3 350 850 50 50 2 1
17 350 950 50 50 2 1
3 400 850 50 50 2 1
3 400 750 50 50 2 1
3 350 800 50 50 2 1
3 250 850 50 50 2 1
17 400 950 50 50 2 1
3 300 800 50 50 2 1
17 450 950 50 50 2 1
17 500 950 50 50 2 1
3 400 650 50 50 2 1
3 550 550 50 50 2 1
3 550 500 50 50 2 1
3 450 550 50 50 2 1
3 300 650 50 50 2 1
3 300 600 50 50 2 1
3 500 550 50 50 2 1
3 450 500 50 50 2 1
3 350 600 50 50 2 1
3 350 700 50 50 2 1
3 500 700 50 50 2 1
3 500 600 50 50 2 1
3 450 650 50 50 2 1
3 450 800 50 50 2 1
3 450 850 50 50 2 1
3 550 750 50 50 2 1
3 600 650 50 50 2 1
3 650 500 50 50 2 1
3 700 400 50 50 2 1
3 700 350 50 50 2 1
3 600 350 50 50 2 1
3 550 400 50 50 2 1
3 350 550 50 50 2 1
3 250 600 50 50 2 1
3 150 700 50 50 2 1
3 100 800 50 50 2 1
3 500 500 50 50 2 1
3 700 300 50 50 2 1
3 800 150 50 50 2 1
3 800 50 50 50 2 1
17 750 0 50 50 2 1
17 800 0 50 50 2 1
3 850 50 50 50 2 1
3 1050 50 50 50 2 1
3 900 100 50 50 2 1
3 1050 150 50 50 2 1
3 800 250 50 50 2 1
3 650 450 50 50 2 1
3 600 550 50 50 2 1
3 1000 300 50 50 2 1
3 1000 100 50 50 2 1
3 600 450 50 50 2 1
3 400 550 50 50 2 1
3 750 200 50 50 2 1
3 750 50 50 50 2 1
3 650 200 50 50 2 1
3 500 350 50 50 2 1
3 350 450 50 50 2 1
3 150 600 50 50 2 1
3 100 650 50 50 2 1
3 50 750 50 50 2 1
17 500 900 50 50 2 1
3 350 500 50 50 2 1
3 600 300 50 50 2 1
3 750 150 50 50 2 1
3 700 200 50 50 2 1
3 550 350 50 50 2 1
3 400 500 50 50 2 1
3 500 450 50 50 2 1
3 350 650 50 50 2 1
3 450 600 50 50 2 1
3 450 700 50 50 2 1
3 500 750 50 50 2 1
3 500 800 50 50 2 1
17 450 900 50 50 2 1
17 400 900 50 50 2 1
17 350 900 50 50 2 1
3 500 850 50 50 2 1
3 600 800 50 50 2 1
3 450 750 50 50 2 1
3 550 700 50 50 2 1
3 550 650 50 50 2 1
3 550 600 50 50 2 1
3 650 600 50 50 2 1
3 600 700 50 50 2 1
3 550 850 50 50 2 1
3 600 750 50 50 2 1
3 700 600 50 50 2 1
3 750 550 50 50 2 1
3 750 400 50 50 2 1
3 900 250 50 50 2 1
3 900 200 50 50 2 1
3 850 300 50 50 2 1
3 850 400 50 50 2 1
3 900 350 50 50 2 1
3 800 350 50 50 2 1
3 750 300 50 50 2 1
3 800 300 50 50 2 1
3 750 350 50 50 2 1
3 800 400 50 50 2 1
3 750 450 50 50 2 1
3 750 500 50 50 2 1
3 700 550 50 50 2 1
3 700 450 50 50 2 1
3 700 500 50 50 2 1
3 650 550 50 50 2 1
3 600 500 50 50 2 1
3 600 600 50 50 2 1
3 550 450 50 50 2 1
3 400 450 50 50 2 1
3 450 450 50 50 2 1
3 600 250 50 50 2 1
3 550 300 50 50 2 1
3 500 400 50 50 2 1
3 650 300 50 50 2 1
3 650 350 50 50 2 1
3 600 400 50 50 2 1
3 700 250 50 50 2 1
3 650 400 50 50 2 1
3 650 250 50 50 2 1
3 850 200 50 50 2 1
3 800 200 50 50 2 1
3 750 250 50 50 2 1
3 900 150 50 50 2 1
3 750 100 50 50 2 1
3 850 100 50 50 2 1
3 850 150 50 50 2 1
3 800 100 50 50 2 1
3 850 250 50 50 2 1
3 900 300 50 50 2 1
3 950 250 50 50 2 1
3 950 200 50 50 2 1
3 950 300 50 50 2 1
3 850 350 50 50 2 1
3 950 350 50 50 2 1
3 1000 200 50 50 2 1
3 1000 150 50 50 2 1
3 1000 250 50 50 2 1
3 1050 200 50 50 2 1
3 950 100 50 50 2 1
3 950 50 50 50 2 1
17 850 0 50 50 2 1
3 900 50 50 50 2 1
3 1000 50 50 50 2 1
3 950 150 50 50 2 1
3 1050 100 50 50 2 1
3 900 400 50 50 2 1
3 850 450 50 50 2 1
3 800 450 50 50 2 1
3 800 500 50 50 2 1
3 800 550 50 50 2 1
3 750 600 50 50 2 1
3 700 650 50 50 2 1
3 650 650 50 50 2 1
3 650 700 50 50 2 1
3 550 800 50 50 2 1
17 300 900 50 50 2 1
17 250 900 50 50 2 1
3 700 100 50 50 2 1
3 650 150 50 50 2 1
3 600 150 50 50 2 1
17 900 0 50 50 2 1
17 950 0 50 50 2 1
3 700 150 50 50 2 1
3 500 250 50 50 2 1
3 500 300 50 50 2 1
3 400 350 50 50 2 1
3 350 400 50 50 2 1
3 300 500 50 50 2 1
3 200 700 50 50 2 1
17 200 900 50 50 2 1
17 150 900 50 50 2 1
17 100 900 50 50 2 1
5 1100 250 50 50 2 1
17 1000 0 50 50 2 1
17 1050 0 50 50 2 1
14 1450 100 50 50 2 1
3 550 250 50 50 2 1
3 600 200 50 50 2 1
3 450 350 50 50 2 1
3 400 400 50 50 2 1
3 450 400 50 50 2 1
3 200 550 50 50 2 1
3 200 600 50 50 2 1
3 50 850 50 50 2 1
3 300 550 50 50 2 1
3 50 800 50 50 2 1
16 700 900 50 50 2 1
16 950 950 50 50 2 1
16 900 900 50 50 2 1
16 800 950 50 50 2 1
16 1250 900 50 50 2 1
16 1100 900 50 50 2 1
16 1300 950 50 50 2 1
16 900 800 50 50 2 1
16 1200 750 50 50 2 1
15 1450 50 50 50 2 1
15 1450 0 50 50 2 1
15 1400 0 50 50 2 1
15 1400 100 50 50 2 1
15 1400 150 50 50 2 1
15 1450 150 50 50 2 1
15 1400 200 50 50 2 1
15 1400 300 50 50 2 1
15 1450 300 50 50 2 1
15 1450 350 50 50 2 1
15 1400 400 50 50 2 1
15 1450 500 50 50 2 1
15 1450 600 50 50 2 1
15 1400 650 50 50 2 1
15 1400 550 50 50 2 1
15 1350 100 50 50 2 1
15 1350 0 50 50 2 1
15 1350 150 50 50 2 1
15 1350 300 50 50 2 1
15 1300 400 50 50 2 1
15 1350 500 50 50 2 1
15 1400 600 50 50 2 1
15 1400 700 50 50 2 1
15 1350 750 50 50 2 1
15 1300 450 50 50 2 1
15 1350 350 50 50 2 1
15 1400 750 50 50 2 1
15 1400 800 50 50 2 1
15 1350 850 50 50 2 1
15 1450 900 50 50 2 1
15 1450 800 50 50 2 1
15 1400 850 50 50 2 1
15 1400 950 50 50 2 1
15 1450 950 50 50 2 1
15 1350 700 50 50 2 1
15 1350 600 50 50 2 1
15 1400 500 50 50 2 1
15 1300 600 50 50 2 1
15 1300 500 50 50 2 1
15 1450 450 50 50 2 1
15 1450 200 50 50 2 1
15 1350 250 50 50 2 1
15 1350 200 50 50 2 1
15 1450 250 50 50 2 1
15 1450 400 50 50 2 1
15 1450 700 50 50 2 1
15 1350 650 50 50 2 1
15 1350 450 50 50 2 1
15 1300 150 50 50 2 1
15 1300 50 50 50 2 1
15 1300 250 50 50 2 1
15 1250 450 50 50 2 1
15 1250 600 50 50 2 1
15 1300 700 50 50 2 1
15 1450 550 50 50 2 1
15 1350 800 50 50 2 1
15 1300 850 50 50 2 1
5 1000 500 50 50 2 1
5 950 650 50 50 2 1
2 600 850 50 50 2 1
2 750 900 50 50 2 1
2 800 900 50 50 2 1
2 850 900 50 50 2 1
2 950 900 50 50 2 1
2 1000 900 50 50 2 1
2 1050 900 50 50 2 1
2 1150 900 50 50 2 1
2 1200 900 50 50 2 1
2 1300 900 50 50 2 1
2 600 900 50 50 2 1
2 650 900 50 50 2 1
2 1100 950 50 50 2 1
2 900 950 50 50 2 1
2 700 950 50 50 2 1
14 1400 50 50 50 2 1
14 1350 50 50 50 2 1
14 1300 300 50 50 2 1
14 1300 350 50 50 2 1
14 1250 350 50 50 2 1
14 1250 400 50 50 2 1
14 1200 450 50 50 2 1
14 1250 500 50 50 2 1
14 1250 550 50 50 2 1
14 1350 550 50 50 2 1
14 1300 650 50 50 2 1
14 1250 700 50 50 2 1
14 1250 750 50 50 2 1
14 1300 800 50 50 2 1
14 1250 800 50 50 2 1
14 1450 750 50 50 2 1
14 1250 850 50 50 2 1
14 1400 900 50 50 2 1
14 1350 400 50 50 2 1
14 1400 450 50 50 2 1
14 1400 350 50 50 2 1
14 1400 250 50 50 2 1
14 1450 650 50 50 2 1
14 1450 850 50 50 2 1
14 1300 750 50 50 2 1
14 1350 950 50 50 2 1
14 1350 900 50 50 2 1
14 1250 950 50 50 2 1
14 1200 950 50 50 2 1
14 1150 950 50 50 2 1
14 1050 950 50 50 2 1
14 1000 950 50 50 2 1
14 850 950 50 50 2 1
14 750 950 50 50 2 1
14 650 750 50 50 2 1
14 650 800 50 50 2 1
14 650 850 50 50 2 1
14 700 750 50 50 2 1
14 750 700 50 50 2 1
14 850 600 50 50 2 1
14 900 550 50 50 2 1
14 900 500 50 50 2 1
14 850 500 50 50 2 1
14 800 600 50 50 2 1
14 1050 300 50 50 2 1
14 1000 350 50 50 2 1
14 950 400 50 50 2 1
4 0 0 50 50 2 1
4 50 0 50 50 2 1
4 100 0 50 50 2 1
4 150 0 50 50 2 1
4 200 0 50 50 2 1
4 250 0 50 50 2 1
4 300 0 50 50 2 1
4 350 0 50 50 2 1
4 400 0 50 50 2 1
4 450 0 50 50 2 1
CEnemy:
1200 100 50 50 0 5 10 1
1200 150 50 50 0 5 10 1
1200 200 50 50 0 5 10 1
1150 300 50 50 0 5 10 1
1150 450 50 50 0 5 10 1
1150 500 50 50 0 5 10 1
1200 550 50 50 0 5 10 1
1100 650 50 50 0 5 10 1
1100 750 50 50 0 5 10 1
1100 800 50 50 0 5 10 1
1150 850 50 50 0 5 10 1
