CObject:
3 1400 500 50 50 2 1
3 1400 450 50 50 2 1
3 1300 550 50 50 2 1
3 1350 450 50 50 2 1
3 1350 550 50 50 2 1
3 1300 600 50 50 2 1
3 1200 850 50 50 2 1
3 1150 950 50 50 2 1
3 1050 950 50 50 2 1
3 1100 900 50 50 2 1
3 1200 800 50 50 2 1
3 1200 750 50 50 2 1
3 1150 850 50 50 2 1
3 1150 800 50 50 2 1
3 1300 650 50 50 2 1
3 1300 750 50 50 2 1
3 1350 700 50 50 2 1
3 1250 850 50 50 2 1
3 1300 850 50 50 2 1
3 1300 800 50 50 2 1
3 1350 750 50 50 2 1
3 1300 700 50 50 2 1
3 1450 500 50 50 2 1
3 1400 550 50 50 2 1
3 1350 600 50 50 2 1
3 1350 500 50 50 2 1
3 1250 650 50 50 2 1
3 1250 600 50 50 2 1
3 1250 700 50 50 2 1
3 1250 750 50 50 2 1
3 1250 800 50 50 2 1
3 1200 700 50 50 2 1
3 1200 650 50 50 2 1
3 1150 700 50 50 2 1
3 1100 800 50 50 2 1
3 1100 850 50 50 2 1
3 1050 850 50 50 2 1
3 1150 750 50 50 2 1
3 1050 800 50 50 2 1
3 1000 900 50 50 2 1
3 950 950 50 50 2 1
3 1050 900 50 50 2 1
3 1000 950 50 50 2 1
3 1100 750 50 50 2 1
3 1150 900 50 50 2 1
3 1100 950 50 50 2 1
3 1250 900 50 50 2 1
3 1200 900 50 50 2 1
3 1200 950 50 50 2 1
3 1300 900 50 50 2 1
3 1350 650 50 50 2 1
3 1350 800 50 50 2 1
3 1350 850 50 50 2 1
3 1300 950 50 50 2 1
3 1350 950 50 50 2 1
3 1350 900 50 50 2 1
3 1400 850 50 50 2 1
3 1400 750 50 50 2 1
3 1400 900 50 50 2 1
3 1400 800 50 50 2 1
3 1400 950 50 50 2 1
3 1450 950 50 50 2 1
3 1450 900 50 50 2 1
3 1400 650 50 50 2 1
3 1450 600 50 50 2 1
3 1450 550 50 50 2 1
3 1400 600 50 50 2 1
3 1450 450 50 50 2 1
3 1400 400 50 50 2 1
3 1350 400 50 50 2 1
3 1400 350 50 50 2 1
3 1450 350 50 50 2 1
3 1450 400 50 50 2 1
3 1450 250 50 50 2 1
17 1450 650 50 50 2 1
17 1450 700 50 50 2 1
17 1400 700 50 50 2 1
17 1450 750 50 50 2 1
17 1450 800 50 50 2 1
17 1450 850 50 50 2 1
17 1250 950 50 50 2 1
17 1450 300 50 50 2 1
15 0 0 50 50 2 1
15 50 0 50 50 2 1
15 50 50 50 50 2 1
15 0 50 50 50 2 1
15 0 100 50 50 2 1
15 50 100 50 50 2 1
15 50 200 50 50 2 1
15 0 150 50 50 2 1
15 50 150 50 50 2 1
15 0 200 50 50 2 1
15 0 250 50 50 2 1
15 50 300 50 50 2 1
15 0 300 50 50 2 1
15 50 250 50 50 2 1
15 0 350 50 50 2 1
15 50 350 50 50 2 1
15 50 400 50 50 2 1
15 50 450 50 50 2 1
15 0 400 50 50 2 1
15 0 450 50 50 2 1
15 50 500 50 50 2 1
15 0 500 50 50 2 1
15 50 600 50 50 2 1
15 0 600 50 50 2 1
15 50 550 50 50 2 1
15 0 550 50 50 2 1
15 0 650 50 50 2 1
15 0 700 50 50 2 1
15 0 750 50 50 2 1
15 0 800 50 50 2 1
15 0 850 50 50 2 1
15 0 900 50 50 2 1
15 0 950 50 50 2 1
15 100 650 50 50 2 1
15 50 650 50 50 2 1
15 50 700 50 50 2 1
15 100 500 50 50 2 1
15 100 350 50 50 2 1
15 100 200 50 50 2 1
15 100 0 50 50 2 1
15 150 50 50 50 2 1
15 150 150 50 50 2 1
15 100 250 50 50 2 1
15 150 350 50 50 2 1
15 150 400 50 50 2 1
15 100 450 50 50 2 1
15 100 600 50 50 2 1
15 50 750 50 50 2 1
2 300 300 50 50 2 1
2 350 350 50 50 2 1
2 400 350 50 50 2 1
2 450 300 50 50 2 1
2 800 150 50 50 2 1
2 850 200 50 50 2 1
2 900 200 50 50 2 1
2 950 150 50 50 2 1
2 1050 450 100 50 2 1
2 500 600 100 50 2 1
2 800 750 100 50 2 1
2 450 550 50 50 2 1
2 600 550 50 50 2 1
2 750 700 50 50 2 1
2 900 700 50 50 2 1
2 1000 400 50 50 2 1
2 1150 400 50 50 2 1
2 150 0 50 50 2 1
2 200 0 50 50 2 1
2 250 0 50 50 2 1
2 300 0 50 50 2 1
2 350 0 50 50 2 1
2 400 0 50 50 2 1
2 450 0 50 50 2 1
2 500 0 50 50 2 1
2 550 0 50 50 2 1
2 600 0 50 50 2 1
2 600 50 50 50 2 1
2 1000 0 50 50 2 1
2 1000 50 50 50 2 1
2 1050 0 50 50 2 1
2 1100 0 50 50 2 1
2 1150 0 50 50 2 1
2 1200 0 50 50 2 1
2 1250 0 50 50 2 1
2 1300 0 50 50 2 1
2 1350 0 50 50 2 1
2 1400 0 50 50 2 1
2 1450 0 50 50 2 1
2 500 150 50 50 2 1
16 650 50 50 50 2 1
2 550 200 50 50 2 1
2 600 200 50 50 2 1
2 650 150 50 50 2 1
16 700 50 50 50 2 1
16 750 50 50 50 2 1
16 800 50 50 50 2 1
16 850 50 50 50 2 1
16 900 50 50 50 2 1
16 950 50 50 50 2 1
5 500 450 50 50 2 1
5 1100 300 50 50 2 1
5 350 200 50 50 2 1
5 800 600 50 50 2 1
5 750 300 50 50 2 1
5 850 400 50 50 2 1
17 1300 500 50 50 2 1
17 1250 550 50 50 2 1
17 1200 600 50 50 2 1
17 1150 650 50 50 2 1
17 1100 700 50 50 2 1
17 1050 750 50 50 2 1
17 1000 800 50 50 2 1
17 1000 850 50 50 2 1
17 950 900 50 50 2 1
17 900 950 50 50 2 1
17 1000 750 50 50 2 1
17 950 800 50 50 2 1
17 950 850 50 50 2 1
17 900 900 50 50 2 1
17 1050 700 50 50 2 1
17 1100 650 50 50 2 1
17 1150 600 50 50 2 1
17 1200 550 50 50 2 1
17 1200 500 50 50 2 1
17 1250 500 50 50 2 1
17 1300 450 50 50 2 1
17 1250 450 50 50 2 1
16 300 350 50 50 2 1
16 350 400 50 50 2 1
6 1050 400 50 50 2 1
6 800 700 50 50 2 1
6 500 550 50 50 2 1
6 400 300 50 50 2 1
7 100 400 50 50 2 1
7 100 550 50 50 2 1
16 400 550 50 50 2 1
16 450 600 50 50 2 1
16 500 650 50 50 2 1
16 550 650 50 50 2 1
16 600 600 50 50 2 1
16 700 700 50 50 2 1
16 650 550 50 50 2 1
16 750 750 50 50 2 1
16 800 800 50 50 2 1
16 850 800 50 50 2 1
16 900 750 50 50 2 1
16 950 700 50 50 2 1
16 950 400 50 50 2 1
16 1000 450 50 50 2 1
16 1050 500 50 50 2 1
16 1100 500 50 50 2 1
16 1150 450 50 50 2 1
16 1200 400 50 50 2 1
16 250 300 50 50 2 1
7 650 600 50 50 2 1
7 1200 450 50 50 2 1
16 400 400 50 50 2 1
16 450 350 50 50 2 1
16 500 300 50 50 2 1
4 650 0 50 50 2 1
4 700 0 50 50 2 1
4 750 0 50 50 2 1
4 800 0 50 50 2 1
4 950 0 50 50 2 1
4 850 0 50 50 2 1
4 900 0 50 50 2 1
CEnemy:
1350 100 50 50 0 5 10 2
1400 150 50 50 0 5 10 2
1450 100 50 50 0 5 10 2
1400 100 50 50 0 5 10 2
1350 200 50 50 0 5 10 2
1300 250 50 50 0 5 10 2
1300 100 50 50 0 5 10 2
1250 100 50 50 0 5 10 2
250 100 50 50 0 5 10 2
200 100 50 50 0 5 10 2
350 100 50 50 0 5 10 2
450 50 50 50 0 5 10 2
250 50 50 50 0 5 10 2
1150 50 50 50 0 5 10 2
1150 100 50 50 0 5 10 2
550 50 50 50 0 5 10 2
450 100 50 50 0 5 10 2
400 50 50 50 0 5 10 2
1038 165 100 100 30 10 15 4
176 221 30 30 5 10 15 5
1100 400 50 50 0 5 10 2
850 700 50 50 0 5 10 2
550 550 50 50 0 5 10 2
350 300 50 50 0 5 10 2
