CObject:
16 400 300 50 50 2 1
16 450 300 50 50 2 1
16 100 200 50 50 2 1
16 150 200 50 50 2 1
16 200 650 50 50 2 1
16 250 650 50 50 2 1
16 550 750 50 50 2 1
16 600 750 50 50 2 1
16 1100 750 50 50 2 1
16 1150 750 50 50 2 1
16 1150 500 50 50 2 1
16 1100 500 50 50 2 1
16 1000 500 50 50 2 1
16 1050 550 50 50 2 1
16 1100 600 50 50 2 1
16 1150 600 50 50 2 1
16 1200 550 50 50 2 1
16 1250 500 50 50 2 1
16 1050 450 50 50 2 1
16 1200 450 50 50 2 1
16 1050 700 50 50 2 1
16 1000 750 50 50 2 1
16 1050 800 50 50 2 1
2 1450 800 50 50 2 1
2 1450 750 50 50 2 1
2 1450 700 50 50 2 1
2 1450 650 50 50 2 1
2 1450 600 50 50 2 1
16 1100 850 50 50 2 1
16 1150 850 50 50 2 1
16 1200 800 50 50 2 1
2 1450 350 50 50 2 1
16 1250 750 50 50 2 1
16 1200 700 50 50 2 1
16 450 750 50 50 2 1
2 0 850 50 50 2 1
2 0 800 50 50 2 1
2 0 700 50 50 2 1
16 550 850 50 50 2 1
2 0 650 50 50 2 1
16 600 850 50 50 2 1
2 0 550 50 50 2 1
2 0 500 50 50 2 1
16 700 750 50 50 2 1
2 0 400 50 50 2 1
16 650 800 50 50 2 1
2 0 300 50 50 2 1
16 500 800 50 50 2 1
2 1450 200 50 50 2 1
16 500 700 50 50 2 1
2 1450 100 50 50 2 1
2 0 250 50 50 2 1
2 0 200 50 50 2 1
2 0 150 50 50 2 1
2 0 100 50 50 2 1
2 0 50 50 50 2 1
16 650 700 50 50 2 1
16 100 650 50 50 2 1
2 1450 0 50 1000 2 1
2 0 0 50 1000 2 1
2 1000 250 50 50 2 1
2 950 300 50 50 2 1
2 900 300 50 50 2 1
2 850 250 50 50 2 1
2 1050 500 50 50 2 1
2 1100 550 50 50 2 1
2 1150 550 50 50 2 1
2 1200 500 50 50 2 1
2 1200 750 50 50 2 1
2 1150 800 50 50 2 1
2 1100 800 50 50 2 1
2 1050 750 50 50 2 1
2 650 750 50 50 2 1
2 600 800 50 50 2 1
2 550 800 50 50 2 1
2 500 750 50 50 2 1
2 300 650 50 50 2 1
2 250 700 50 50 2 1
2 200 700 50 50 2 1
2 150 650 50 50 2 1
2 350 300 50 50 2 1
2 400 350 50 50 2 1
2 450 350 50 50 2 1
2 500 300 50 50 2 1
2 200 200 50 50 2 1
16 150 700 50 50 2 1
2 150 250 50 50 2 1
2 100 250 50 50 2 1
2 50 200 50 50 2 1
16 200 750 50 50 2 1
16 250 750 50 50 2 1
16 300 700 50 50 2 1
16 350 650 50 50 2 1
16 300 600 50 50 2 1
16 150 600 50 50 2 1
16 300 300 50 50 2 1
16 350 350 50 50 2 1
16 400 400 50 50 2 1
16 450 400 50 50 2 1
16 500 350 50 50 2 1
16 550 300 50 50 2 1
16 500 250 50 50 2 1
2 650 450 50 50 2 1
2 650 500 50 50 2 1
2 650 550 50 50 2 1
2 700 550 50 50 2 1
2 750 550 50 50 2 1
2 750 500 50 50 2 1
2 750 450 50 50 2 1
2 700 450 50 50 2 1
16 350 250 50 50 2 1
16 200 250 50 50 2 1
16 150 300 50 50 2 1
16 100 300 50 50 2 1
16 50 250 50 50 2 1
16 250 200 50 50 2 1
16 200 150 50 50 2 1
16 50 150 50 50 2 1
16 850 300 50 50 2 1
16 900 350 50 50 2 1
16 950 350 50 50 2 1
16 1000 300 50 50 2 1
16 1050 250 50 50 2 1
16 1000 200 50 50 2 1
5 850 650 50 50 2 1
16 850 200 50 50 2 1
16 800 250 50 50 2 1
8 900 800 50 50 2 1
8 350 800 50 50 2 1
8 1350 800 50 50 2 1
CEnemy:
50 900 50 50 0 5 10 2
100 900 50 50 0 5 10 2
150 900 50 50 0 5 10 2
200 900 50 50 0 5 10 2
250 900 50 50 0 5 10 2
300 900 50 50 0 5 10 2
350 900 50 50 0 5 10 2
400 900 50 50 0 5 10 2
450 900 50 50 0 5 10 2
500 900 50 50 0 5 10 2
550 900 50 50 0 5 10 2
600 900 50 50 0 5 10 2
650 900 50 50 0 5 10 2
700 900 50 50 0 5 10 2
750 900 50 50 0 5 10 2
800 900 50 50 0 5 10 2
850 900 50 50 0 5 10 2
900 900 50 50 0 5 10 2
1000 900 50 50 0 5 10 2
1100 900 50 50 0 5 10 2
1200 900 50 50 0 5 10 2
1250 900 50 50 0 5 10 2
1300 900 50 50 0 5 10 2
1350 900 50 50 0 5 10 2
1400 900 50 50 0 5 10 2
1150 900 50 50 0 5 10 2
1050 900 50 50 0 5 10 2
950 900 50 50 0 5 10 2
