CObject:
2 500 950 50 50 2 1
2 450 950 50 50 2 1
2 400 950 50 50 2 1
2 350 950 50 50 2 1
2 300 950 50 50 2 1
2 200 950 50 50 2 1
2 100 950 50 50 2 1
2 50 950 50 50 2 1
2 0 950 50 50 2 1
2 250 950 50 50 2 1
2 150 950 50 50 2 1
2 1000 950 50 50 2 1
2 1050 950 50 50 2 1
2 1100 950 50 50 2 1
2 1150 950 50 50 2 1
2 1200 950 50 50 2 1
2 1300 950 50 50 2 1
2 1350 950 50 50 2 1
2 1400 950 50 50 2 1
2 1450 950 50 50 2 1
2 1250 950 50 50 2 1
2 1450 850 50 50 2 1
2 1450 900 50 50 2 1
2 1450 800 50 50 2 1
2 1450 750 50 50 2 1
2 1450 700 50 50 2 1
2 1450 650 50 50 2 1
2 1450 600 50 50 2 1
2 1450 550 50 50 2 1
2 1450 500 50 50 2 1
2 1450 450 50 50 2 1
2 1450 350 50 50 2 1
2 1450 300 50 50 2 1
2 1450 400 50 50 2 1
2 0 900 50 50 2 1
2 0 850 50 50 2 1
2 0 800 50 50 2 1
2 0 700 50 50 2 1
2 0 750 50 50 2 1
2 0 650 50 50 2 1
2 0 600 50 50 2 1
2 0 550 50 50 2 1
2 0 500 50 50 2 1
2 0 450 50 50 2 1
2 0 400 50 50 2 1
2 0 350 50 50 2 1
2 0 300 50 50 2 1
2 1450 250 50 50 2 1
2 1450 200 50 50 2 1
2 1450 150 50 50 2 1
2 1450 100 50 50 2 1
2 1450 50 50 50 2 1
2 0 250 50 50 2 1
2 0 200 50 50 2 1
2 0 150 50 50 2 1
2 0 100 50 50 2 1
2 0 50 50 50 2 1
2 0 0 750 50 2 1
2 750 0 750 50 2 1
2 1450 0 50 1000 2 1
2 0 0 50 1000 2 1
1 50 200 50 50 2 1
1 100 250 50 50 2 1
1 150 250 50 50 2 1
1 200 200 50 50 2 1
1 350 300 50 50 2 1
1 400 350 50 50 2 1
1 450 350 50 50 2 1
1 500 300 50 50 2 1
1 850 250 50 50 2 1
1 900 300 50 50 2 1
1 950 300 50 50 2 1
1 1000 250 50 50 2 1
1 150 650 50 50 2 1
1 200 700 50 50 2 1
1 250 700 50 50 2 1
1 300 650 50 50 2 1
1 1050 500 50 50 2 1
1 1100 550 50 50 2 1
1 1150 550 50 50 2 1
1 1200 500 50 50 2 1
1 1050 750 50 50 2 1
1 1100 800 50 50 2 1
1 1150 800 50 50 2 1
1 1200 750 50 50 2 1
1 500 750 50 50 2 1
5 150 100 50 50 2 1
1 550 800 50 50 2 1
1 600 800 50 50 2 1
1 650 750 50 50 2 1
6 50 900 50 50 2 1
6 1400 900 50 50 2 1
6 500 800 50 50 2 1
6 500 350 50 50 2 1
2 650 450 50 50 2 1
2 650 500 50 50 2 1
2 650 550 50 50 2 1
2 700 550 50 50 2 1
2 750 550 50 50 2 1
2 750 500 50 50 2 1
2 750 450 50 50 2 1
2 700 450 50 50 2 1
CEnemy:
50 50 50 50 0 5 10 2
50 50 50 50 0 5 10 2
100 50 50 50 0 5 10 2
150 50 50 50 0 5 10 2
200 50 50 50 0 5 10 2
400 50 50 50 0 5 10 2
450 50 50 50 0 5 10 2
500 50 50 50 0 5 10 2
550 50 50 50 0 5 10 2
600 50 50 50 0 5 10 2
800 50 50 50 0 5 10 2
900 50 50 50 0 5 10 2
850 50 50 50 0 5 10 2
950 50 50 50 0 5 10 2
1150 50 50 50 0 5 10 2
1250 50 50 50 0 5 10 2
1300 50 50 50 0 5 10 2
1200 50 50 50 0 5 10 2
221 633 60 60 10 5 10 2
575 713 60 60 15 5 10 2
1126 458 60 50 20 5 3 2
918 218 60 60 2 5 10 1
1114 709 75 75 5 5 10 3
