CObject:
2 1450 800 50 50 2 1
2 1450 750 50 50 2 1
2 1450 700 50 50 2 1
2 1450 650 50 50 2 1
2 1450 600 50 50 2 1
2 1450 350 50 50 2 1
2 0 850 50 50 2 1
2 0 800 50 50 2 1
2 0 700 50 50 2 1
2 0 650 50 50 2 1
2 0 550 50 50 2 1
2 0 500 50 50 2 1
2 0 400 50 50 2 1
2 0 300 50 50 2 1
2 1450 200 50 50 2 1
2 1450 100 50 50 2 1
2 0 250 50 50 2 1
2 0 200 50 50 2 1
2 0 150 50 50 2 1
2 0 100 50 50 2 1
2 0 50 50 50 2 1
2 1450 0 50 1000 2 1
2 0 0 50 1000 2 1
5 200 50 50 50 2 1
4 700 500 50 50 2 1
11 350 800 50 50 2 1
11 1350 800 50 50 2 1
CEnemy:
50 300 50 50 0 5 10 2
50 350 50 50 0 5 10 2
50 400 50 50 0 5 10 2
50 900 50 50 0 5 10 2
50 850 50 50 0 5 10 2
50 100 50 50 0 5 10 2
50 50 50 50 0 5 10 2
50 0 50 50 0 5 10 2
100 150 50 50 0 5 10 2
150 150 50 50 0 5 10 2
100 0 50 50 0 5 10 2
100 100 50 50 0 5 10 2
150 850 50 50 0 5 10 2
100 800 50 50 0 5 10 2
