CObject:
1
50
56
50
50
1
122
77
50
50
1
161
65
50
50
1
203
65
50
50
1
253
82
50
50
1
331
79
50
50
1
314
92
50
50
1
377
169
50
50
1
373
209
50
50
1
370
166
50
50
1
41
134
50
50
1
56
190
50
50
1
64
244
50
50
1
61
283
50
50
1
73
319
50
50
1
73
362
50
50
1
70
430
50
50
1
101
476
50
50
1
398
287
50
50
1
463
274
50
50
1
361
265
50
50
1
523
281
50
50
1
164
494
50
50
1
232
499
50
50
1
289
508
50
50
1
296
517
50
50
1
326
529
50
50
1
367
518
50
50
1
430
523
50
50
1
514
512
50
50
1
497
568
50
50
1
101
566
50
50
1
113
622
50
50
1
124
682
50
50
1
523
604
50
50
1
517
688
50
50
1
521
632
50
50
1
148
746
50
50
1
158
802
50
50
1
562
761
50
50
2
602
320
50
50
2
754
256
50
50
2
662
200
50
50
2
896
191
50
50
2
779
128
50
50
2
284
377
50
50
2
227
392
50
50
2
431
406
50
50
2
682
478
50
50
3
956
307
50
50
3
1033
335
50
50
3
1105
317
50
50
CPlayer:
181
241
100
100
