CObject:
5
1100
700
50
50
5
1250
700
50
50
5
1400
700
50
50
5
1100
850
50
50
5
1250
850
50
50
5
1400
850
50
50
2
1450
550
50
50
2
1400
550
50
50
2
1350
550
50
50
2
1300
550
50
50
2
950
750
50
50
2
950
800
50
50
2
950
850
50
50
2
950
950
50
50
2
950
900
50
50
3
950
800
50
50
3
950
900
50
50
3
1400
550
50
50
3
1300
550
50
50
2
1250
550
50
50
1
850
550
50
50
1
950
450
50
50
1
900
550
50
50
1
850
600
50
50
1
800
700
50
50
1
950
600
50
50
1
1000
500
50
50
1
1050
500
50
50
1
850
650
50
50
1
900
700
50
50
1
750
700
50
50
1
700
850
50
50
1
750
650
50
50
1
800
550
50
50
1
800
750
50
50
1
800
800
50
50
1
850
750
50
50
1
900
650
50
50
1
1000
600
50
50
1
1100
500
50
50
1
1050
450
50
50
1
1150
450
50
50
1
1150
400
50
50
1
900
500
50
50
1
1000
550
50
50
1
1050
550
50
50
1
1250
450
50
50
1
1300
400
50
50
1
1100
400
50
50
1
1050
400
50
50
1
1100
550
50
50
1
1150
500
50
50
1
950
650
50
50
1
900
850
50
50
1
900
750
50
50
1
700
700
50
50
1
650
700
50
50
2
0
800
50
50
2
50
800
50
50
2
200
800
50
50
2
250
800
50
50
2
300
800
50
50
2
300
850
50
50
2
300
900
50
50
2
300
950
50
50
2
350
800
50
50
2
400
800
50
50
2
650
800
50
50
2
550
800
50
50
2
600
800
50
50
2
600
850
50
50
2
600
900
50
50
2
600
950
50
50
6
50
950
50
50
6
200
950
50
50
7
100
900
50
50
7
450
900
50
50
5
200
900
50
50
1
100
750
50
50
1
100
700
50
50
1
100
650
50
50
1
150
700
50
50
1
150
750
50
50
1
100
800
50
50
1
150
800
50
50
1
50
750
50
50
1
0
700
50
50
1
200
650
50
50
1
200
700
50
50
1
300
700
50
50
1
400
700
50
50
1
450
700
50
50
1
450
750
50
50
1
450
800
50
50
1
500
750
50
50
1
500
700
50
50
1
550
750
50
50
1
500
800
50
50
1
550
650
50
50
1
450
650
50
50
1
350
750
50
50
1
400
750
50
50
1
350
700
50
50
1
300
650
50
50
1
400
650
50
50
1
650
650
50
50
1
550
700
50
50
1
600
750
50
50
3
0
200
50
50
3
50
200
50
50
3
100
200
50
50
3
150
200
50
50
1
200
0
50
50
1
200
50
50
50
1
200
100
50
50
1
200
150
50
50
1
0
150
50
50
1
50
150
50
50
1
100
150
50
50
1
150
150
50
50
1
200
200
50
50
1
150
250
50
50
1
100
250
50
50
1
50
250
50
50
1
0
250
50
50
1
200
250
50
50
1
200
300
50
50
1
150
300
50
50
1
100
300
50
50
1
50
300
50
50
1
0
300
50
50
1
0
350
50
50
1
50
350
50
50
1
150
350
50
50
1
200
350
50
50
1
100
350
50
50
1
250
0
50
50
1
350
0
50
50
1
400
0
50
50
1
450
0
50
50
1
300
0
50
50
1
300
150
50
50
1
250
200
50
50
1
250
150
50
50
1
350
150
50
50
1
300
200
50
50
1
350
200
50
50
1
400
150
50
50
1
400
200
50
50
1
350
250
50
50
5
1300
150
50
50
2
850
0
50
50
2
850
50
50
50
2
900
50
50
50
2
900
100
50
50
2
950
100
50
50
2
950
150
50
50
2
1000
150
50
50
2
1000
200
50
50
2
1050
200
50
50
2
1100
250
50
50
2
1150
300
50
50
2
1150
250
50
50
3
1200
300
50
50
3
1250
300
50
50
3
1300
300
50
50
3
1350
300
50
50
3
1400
300
50
50
3
1450
300
50
50
6
500
300
50
50
6
850
300
50
50
6
400
500
50
50
6
650
450
50
50
3
200
500
50
50
3
500
400
50
50
3
650
200
50
50
3
550
100
50
50
3
650
300
50
50
1
750
450
50
50
1
750
350
50
50
1
750
300
50
50
1
800
200
50
50
1
750
150
50
50
1
400
350
50
50
1
550
450
50
50
CPlayer:
50
50
100
100
CEnemy:
450
850
50
50
0
5
10
500
850
50
50
0
5
10
550
900
50
50
0
5
10
500
900
50
50
0
5
10
500
950
50
50
0
5
10
400
900
50
50
0
5
10
400
950
50
50
0
5
10
450
950
50
50
0
5
10
0
850
50
50
0
5
10
250
900
50
50
0
5
10
100
850
50
50
0
5
10
250
850
50
50
0
5
10
150
900
50
50
0
5
10
0
900
50
50
0
5
10
1150
100
50
50
0
5
10
1000
100
50
50
0
5
10
1200
250
50
50
0
5
10
1300
100
50
50
0
5
10
1100
0
50
50
0
5
10
1050
150
50
50
0
5
10
1250
150
50
50
0
5
10
1350
100
50
50
0
5
10
1450
250
50
50
0
5
10
1250
0
50
50
0
5
10
1150
200
50
50
0
5
10
1050
300
50
50
0
5
10
1400
100
50
50
0
5
10
1400
50
50
50
0
5
10
1350
0
50
50
0
5
10
1250
100
50
50
0
5
10
1350
250
50
50
0
5
10
