CObject:
2 50 200 50 50 1 1
2 100 200 50 50 1 1
2 150 200 50 50 1 1
2 200 200 50 50 1 1
2 250 200 50 50 1 1
2 300 200 50 50 1 1
2 350 200 50 50 1 1
2 400 200 50 50 1 1
2 500 200 50 50 1 1
2 550 200 50 50 1 1
2 450 200 50 50 1 1
2 50 250 50 50 1 1
2 50 300 50 50 1 1
2 50 350 50 50 1 1
2 50 400 50 50 1 1
2 50 450 50 50 1 1
2 50 500 50 50 1 1
2 50 550 50 50 1 1
2 50 600 50 50 1 1
2 50 650 50 50 1 1
2 50 700 50 50 1 1
2 100 700 50 50 1 1
2 200 700 50 50 1 1
2 250 700 50 50 1 1
2 300 700 50 50 1 1
2 150 700 50 50 1 1
2 350 700 50 50 1 1
2 400 700 50 50 1 1
2 450 700 50 50 1 1
2 500 700 50 50 1 1
2 550 700 50 50 1 1
2 600 700 50 50 1 1
2 600 200 50 50 1 1
2 600 250 50 50 1 1
2 600 300 50 50 1 1
2 600 650 50 50 1 1
2 600 600 50 50 1 1
2 600 550 50 50 1 1
2 600 350 50 50 1 1
2 650 350 50 50 1 1
2 650 550 50 50 1 1
2 700 550 50 50 1 1
2 750 550 50 50 1 1
2 800 550 50 50 1 1
2 850 550 50 50 1 1
2 950 550 50 50 1 1
2 1000 550 50 50 1 1
2 1050 550 50 50 1 1
2 1150 550 50 50 1 1
2 1300 550 50 50 1 1
2 1400 550 50 50 1 1
2 1450 550 50 50 1 1
2 1350 550 50 50 1 1
2 1250 550 50 50 1 1
2 1200 550 50 50 1 1
2 900 550 50 50 1 1
2 1100 550 50 50 1 1
2 700 350 50 50 1 1
2 750 350 50 50 1 1
2 800 350 50 50 1 1
2 850 350 50 50 1 1
2 900 350 50 50 1 1
2 950 350 50 50 1 1
2 1000 350 50 50 1 1
2 1050 350 50 50 1 1
2 1100 350 50 50 1 1
2 1150 350 50 50 1 1
2 1200 350 50 50 1 1
2 1250 350 50 50 1 1
2 1300 350 50 50 1 1
2 1350 350 50 50 1 1
2 1400 350 50 50 1 1
2 1450 350 50 50 1 1
6 550 250 50 50 1 1
7 550 650 50 50 1 1
14 650 400 50 50 1 1
14 700 500 50 50 1 1
14 800 400 50 50 1 1
14 850 450 50 50 1 1
14 1000 400 50 50 1 1
14 900 500 50 50 1 1
14 1150 450 50 50 1 1
14 1000 450 50 50 1 1
14 1150 500 50 50 1 1
14 1200 400 50 50 1 1
14 1350 450 50 50 1 1
14 1250 500 50 50 1 1
14 1400 400 50 50 1 1
14 450 400 50 50 1 1
14 400 500 50 50 1 1
14 200 550 50 50 1 1
14 350 400 50 50 1 1
14 100 350 50 50 1 1
14 150 500 50 50 1 1
14 250 300 50 50 1 1
14 300 550 50 50 1 1
14 550 500 50 50 1 1
14 400 600 50 50 1 1
14 400 300 50 50 1 1
14 500 600 100 100 1 1
14 500 250 100 100 1 1
4 1450 400 50 150 1 1
CPlayer:
200 450 5 5 1 0 5
CEnemy:
