CObject:
2 0 350 50 50 2 1
2 50 350 50 50 2 1
2 100 350 50 50 2 1
2 150 350 50 50 2 1
2 200 350 50 50 2 1
2 250 350 50 50 2 1
2 300 350 50 50 2 1
2 350 350 50 50 2 1
2 400 350 50 50 2 1
2 450 350 50 50 2 1
2 500 350 50 50 2 1
2 550 350 50 50 2 1
2 600 350 50 50 2 1
2 650 350 50 50 2 1
2 700 350 50 50 2 1
2 750 350 50 50 2 1
2 800 350 50 50 2 1
2 850 350 50 50 2 1
2 900 350 50 50 2 1
2 950 350 50 50 2 1
2 1000 350 50 50 2 1
2 1050 350 50 50 2 1
2 1100 350 50 50 2 1
2 1150 350 50 50 2 1
2 1200 350 50 50 2 1
2 1250 350 50 50 2 1
2 1300 350 50 50 2 1
2 1350 350 50 50 2 1
2 1400 350 50 50 2 1
2 1450 350 50 50 2 1
2 1450 600 50 50 2 1
2 1400 600 50 50 2 1
2 1350 600 50 50 2 1
2 1300 600 50 50 2 1
2 1250 600 50 50 2 1
2 1200 600 50 50 2 1
2 1150 600 50 50 2 1
2 1100 600 50 50 2 1
2 1050 600 50 50 2 1
2 1000 600 50 50 2 1
2 950 600 50 50 2 1
2 900 600 50 50 2 1
2 850 600 50 50 2 1
2 800 600 50 50 2 1
2 750 600 50 50 2 1
2 700 600 50 50 2 1
2 650 600 50 50 2 1
2 600 600 50 50 2 1
2 550 600 50 50 2 1
2 500 600 50 50 2 1
2 450 600 50 50 2 1
2 400 600 50 50 2 1
2 350 600 50 50 2 1
2 300 600 50 50 2 1
2 200 600 50 50 2 1
2 100 600 50 50 2 1
2 0 600 50 50 2 1
2 50 600 50 50 2 1
2 250 600 50 50 2 1
2 150 600 50 50 2 1
17 150 400 50 50 2 1
17 200 500 50 50 2 1
17 350 400 50 50 2 1
17 450 500 50 50 2 1
17 650 450 100 100 2 1
17 800 400 100 100 2 1
17 1000 500 100 100 2 1
17 500 400 100 200 2 1
14 650 400 50 50 2 1
14 800 500 50 50 2 1
14 1000 450 50 50 2 1
14 300 500 50 50 2 1
14 250 450 50 50 2 1
14 150 500 50 50 2 1
14 1200 450 50 50 2 1
14 900 400 50 50 2 1
14 1150 500 50 50 2 1
14 1100 550 50 50 2 1
14 1300 400 50 50 2 1
14 1350 550 50 50 2 1
3 0 300 50 50 2 1
3 50 300 50 50 2 1
3 100 300 50 50 2 1
3 150 300 50 50 2 1
3 200 300 50 50 2 1
3 250 300 50 50 2 1
3 300 300 50 50 2 1
3 350 300 50 50 2 1
3 400 300 50 50 2 1
3 450 300 50 50 2 1
3 500 300 50 50 2 1
3 550 300 50 50 2 1
3 600 300 50 50 2 1
3 650 300 50 50 2 1
3 700 300 50 50 2 1
3 800 300 50 50 2 1
3 750 300 50 50 2 1
3 850 300 50 50 2 1
3 900 300 50 50 2 1
3 950 300 50 50 2 1
3 1000 300 50 50 2 1
3 1050 300 50 50 2 1
3 1100 300 50 50 2 1
3 1150 300 50 50 2 1
3 1200 300 50 50 2 1
3 1250 300 50 50 2 1
3 1350 300 50 50 2 1
3 1400 300 50 50 2 1
3 1450 300 50 50 2 1
3 1300 300 50 50 2 1
3 1400 250 50 50 2 1
3 1450 250 50 50 2 1
3 1350 250 50 50 2 1
3 1300 250 50 50 2 1
3 1250 250 50 50 2 1
3 1200 250 50 50 2 1
3 1150 250 50 50 2 1
3 1100 250 50 50 2 1
3 1050 250 50 50 2 1
3 1000 250 50 50 2 1
3 950 250 50 50 2 1
3 900 250 50 50 2 1
3 850 250 50 50 2 1
3 800 250 50 50 2 1
3 750 250 50 50 2 1
3 650 250 50 50 2 1
3 600 250 50 50 2 1
3 550 250 50 50 2 1
3 700 250 50 50 2 1
3 450 250 50 50 2 1
3 500 250 50 50 2 1
3 350 250 50 50 2 1
3 400 250 50 50 2 1
3 250 250 50 50 2 1
3 300 250 50 50 2 1
3 200 250 50 50 2 1
3 150 250 50 50 2 1
3 50 250 50 50 2 1
3 100 250 50 50 2 1
3 0 250 50 50 2 1
3 0 650 50 50 2 1
3 0 700 50 50 2 1
3 50 700 50 50 2 1
3 100 650 50 50 2 1
3 100 700 50 50 2 1
3 50 650 50 50 2 1
3 150 650 50 50 2 1
3 150 700 50 50 2 1
3 200 700 50 50 2 1
3 250 650 50 50 2 1
3 200 650 50 50 2 1
3 250 700 50 50 2 1
3 300 700 50 50 2 1
3 300 650 50 50 2 1
3 350 700 50 50 2 1
3 350 650 50 50 2 1
3 400 700 50 50 2 1
3 450 650 50 50 2 1
3 400 650 50 50 2 1
3 450 700 50 50 2 1
3 500 650 50 50 2 1
3 500 700 50 50 2 1
3 550 700 50 50 2 1
3 550 650 50 50 2 1
3 600 650 50 50 2 1
3 600 700 50 50 2 1
3 650 700 50 50 2 1
3 700 650 50 50 2 1
3 650 650 50 50 2 1
3 700 700 50 50 2 1
3 750 650 50 50 2 1
3 750 700 50 50 2 1
3 800 650 50 50 2 1
3 800 700 50 50 2 1
3 850 650 50 50 2 1
3 850 700 50 50 2 1
3 900 650 50 50 2 1
3 900 700 50 50 2 1
3 950 650 50 50 2 1
3 950 700 50 50 2 1
3 1000 700 50 50 2 1
3 1050 700 50 50 2 1
3 1000 650 50 50 2 1
3 1050 650 50 50 2 1
3 1100 650 50 50 2 1
3 1100 700 50 50 2 1
3 1150 700 50 50 2 1
3 1200 650 50 50 2 1
3 1200 700 50 50 2 1
3 1150 650 50 50 2 1
3 1250 650 50 50 2 1
3 1250 700 50 50 2 1
3 1300 650 50 50 2 1
3 1350 700 50 50 2 1
3 1350 650 50 50 2 1
3 1300 700 50 50 2 1
3 1400 650 50 50 2 1
3 1450 650 50 50 2 1
3 1400 700 50 50 2 1
3 1450 700 50 50 2 1
1 100 50 50 50 2 1
1 150 150 50 50 2 1
1 500 50 50 50 2 1
1 250 50 50 50 2 1
1 400 150 50 50 2 1
1 700 50 50 50 2 1
1 450 0 50 50 2 1
1 550 100 50 50 2 1
1 950 50 50 50 2 1
1 700 150 50 50 2 1
1 1150 150 50 50 2 1
1 900 50 50 50 2 1
1 50 800 50 50 2 1
1 200 900 50 50 2 1
1 250 800 50 50 2 1
1 100 900 50 50 2 1
1 500 850 50 50 2 1
1 750 850 50 50 2 1
1 450 800 50 50 2 1
1 450 900 50 50 2 1
1 650 800 50 50 2 1
1 650 900 50 50 2 1
1 1050 800 50 50 2 1
1 900 750 50 50 2 1
1 950 900 50 50 2 1
1 1300 750 50 50 2 1
1 1350 900 50 50 2 1
1 1450 850 50 50 2 1
1 1200 900 50 50 2 1
1 1100 850 100 50 2 1
1 300 900 100 50 2 1
1 950 100 100 50 2 1
1 1300 0 100 50 2 1
1 1300 100 50 100 2 1
1 300 150 50 100 2 1
1 0 100 50 100 2 1
1 550 800 50 100 2 1
1 1000 750 50 100 2 1
1 1100 50 100 100 2 1
1 150 750 100 100 2 1
1 800 750 100 100 2 1
4 1450 450 50 150 2 1
CEnemy:
