CObject:
2 0 0 50 50 2 0
2 50 0 50 50 2 0
2 100 0 50 50 2 0
2 150 0 50 50 2 0
2 200 0 50 50 2 0
2 250 0 50 50 2 0
2 300 0 50 50 2 0
2 350 0 50 50 2 0
2 400 0 50 50 2 0
2 500 0 50 50 2 0
2 550 0 50 50 2 0
2 600 0 50 50 2 0
2 450 0 50 50 2 0
2 650 0 50 50 2 0
2 700 0 50 50 2 0
2 750 0 50 50 2 0
2 800 0 50 50 2 0
2 900 0 50 50 2 0
2 950 0 50 50 2 0
2 850 0 50 50 2 0
2 1000 0 50 50 2 0
2 1100 0 50 50 2 0
2 1150 0 50 50 2 0
2 1200 0 50 50 2 0
2 1050 0 50 50 2 0
2 1250 0 50 50 2 0
2 1300 0 50 50 2 0
2 1400 0 50 50 2 0
2 1350 0 50 50 2 0
2 1450 0 50 50 2 0
2 50 50 50 50 2 0
2 0 100 50 50 2 0
2 0 50 50 50 2 0
2 50 100 50 50 2 0
2 100 50 50 50 2 0
2 150 50 50 50 2 0
2 200 50 50 50 2 0
2 250 50 50 50 2 0
2 300 50 50 50 2 0
2 350 50 50 50 2 0
2 400 50 50 50 2 0
2 450 50 50 50 2 0
2 500 50 50 50 2 0
2 550 50 50 50 2 0
2 600 50 50 50 2 0
2 650 50 50 50 2 0
2 700 50 50 50 2 0
2 800 50 50 50 2 0
2 850 50 50 50 2 0
2 750 50 50 50 2 0
2 950 50 50 50 2 0
2 1000 50 50 50 2 0
2 900 50 50 50 2 0
2 1100 50 50 50 2 0
2 1050 50 50 50 2 0
2 1150 50 50 50 2 0
2 1250 50 50 50 2 0
2 1300 50 50 50 2 0
2 1200 50 50 50 2 0
2 1400 50 50 50 2 0
2 1450 50 50 50 2 0
2 1350 50 50 50 2 0
2 50 150 50 50 2 0
2 0 150 50 50 2 0
2 50 200 50 50 2 0
2 0 200 50 50 2 0
2 50 250 50 50 2 0
2 0 250 50 50 2 0
2 0 650 50 50 2 0
2 50 650 50 50 2 0
2 0 700 50 50 2 0
2 0 750 50 50 2 0
2 50 700 50 50 2 0
2 50 750 50 50 2 0
2 0 800 50 50 2 0
2 50 800 50 50 2 0
2 0 850 50 50 2 0
2 50 900 50 50 2 0
2 0 900 50 50 2 0
2 50 850 50 50 2 0
2 0 950 50 50 2 0
2 50 950 50 50 2 0
2 100 950 50 50 2 0
2 150 950 50 50 2 0
2 200 950 50 50 2 0
2 250 950 50 50 2 0
2 300 950 50 50 2 0
2 350 950 50 50 2 0
2 400 950 50 50 2 0
2 450 950 50 50 2 0
2 550 950 50 50 2 0
2 600 950 50 50 2 0
2 500 950 50 50 2 0
2 650 950 50 50 2 0
2 700 950 50 50 2 0
2 750 950 50 50 2 0
2 850 950 50 50 2 0
2 900 950 50 50 2 0
2 950 950 50 50 2 0
2 1050 950 50 50 2 0
2 1000 950 50 50 2 0
2 800 950 50 50 2 0
2 1100 950 50 50 2 0
2 1150 950 50 50 2 0
2 1200 950 50 50 2 0
2 1250 950 50 50 2 0
2 1300 950 50 50 2 0
2 1400 950 50 50 2 0
2 1450 950 50 50 2 0
2 1450 900 50 50 2 0
2 1350 950 50 50 2 0
2 1400 900 50 50 2 0
2 1350 900 50 50 2 0
2 1300 900 50 50 2 0
2 1250 900 50 50 2 0
2 1200 900 50 50 2 0
2 1150 900 50 50 2 0
2 1100 900 50 50 2 0
2 1050 900 50 50 2 0
2 1000 900 50 50 2 0
2 950 900 50 50 2 0
2 900 900 50 50 2 0
2 850 900 50 50 2 0
2 800 900 50 50 2 0
2 750 900 50 50 2 0
2 650 900 50 50 2 0
2 600 900 50 50 2 0
2 500 900 50 50 2 0
2 450 900 50 50 2 0
2 400 900 50 50 2 0
2 350 900 50 50 2 0
2 300 900 50 50 2 0
2 200 900 50 50 2 0
2 150 900 50 50 2 0
2 100 900 50 50 2 0
2 250 900 50 50 2 0
2 550 900 50 50 2 0
2 700 900 50 50 2 0
2 1450 850 50 50 2 0
2 1400 850 50 50 2 0
2 1450 800 50 50 2 0
2 1400 750 50 50 2 0
2 1450 700 50 50 2 0
2 1400 800 50 50 2 0
2 1450 750 50 50 2 0
2 1400 700 50 50 2 0
2 1350 800 50 50 2 0
2 1350 850 50 50 2 0
2 1350 750 50 50 2 0
2 1350 700 50 50 2 0
2 1400 650 50 50 2 0
2 1450 650 50 50 2 0
2 1350 650 50 50 2 0
2 1450 100 50 50 2 0
2 1400 100 50 50 2 0
2 1350 100 50 50 2 0
2 1350 150 50 50 2 0
2 1450 150 50 50 2 0
2 1400 150 50 50 2 0
2 1350 200 50 50 2 0
2 1400 200 50 50 2 0
2 1450 200 50 50 2 0
2 1450 250 50 50 2 0
2 1400 250 50 50 2 0
2 1350 250 50 50 2 0
2 1450 600 50 50 2 0
2 1400 600 50 50 2 0
2 1350 600 50 50 2 0
2 1350 300 50 50 2 0
2 1400 300 50 50 2 0
2 1450 300 50 50 2 0
2 1450 350 50 50 2 0
2 1400 350 50 50 2 0
2 1350 350 50 50 2 0
2 1300 350 50 50 2 0
2 1300 250 50 50 2 0
2 1300 150 50 50 2 0
2 1300 100 50 50 2 0
2 1300 200 50 50 2 0
2 1300 300 50 50 2 0
2 1300 600 50 50 2 0
2 1300 650 50 50 2 0
2 1300 700 50 50 2 0
2 1300 750 50 50 2 0
2 1300 800 50 50 2 0
2 1300 850 50 50 2 0
1 150 100 50 50 2 0
1 100 150 50 50 2 0
1 100 100 50 50 2 0
1 150 150 50 50 2 0
1 200 100 50 50 2 0
1 150 200 50 50 2 0
1 200 200 50 50 2 0
1 100 200 50 50 2 0
1 100 800 50 50 2 0
1 100 850 50 50 2 0
1 150 800 50 50 2 0
1 150 850 50 50 2 0
1 100 750 50 50 2 0
1 200 750 50 50 2 0
1 200 850 50 50 2 0
1 1250 800 50 50 2 0
1 1250 850 50 50 2 0
1 1200 850 50 50 2 0
1 1200 800 50 50 2 0
1 1200 750 50 50 2 0
1 1100 800 50 50 2 0
1 1050 850 50 50 2 0
1 1200 700 50 50 2 0
1 1250 750 50 50 2 0
1 1150 750 50 50 2 0
1 1150 850 50 50 2 0
1 1100 700 50 50 2 0
1 1250 650 50 50 2 0
1 1250 100 50 50 2 0
1 1250 150 50 50 2 0
1 1200 100 50 50 2 0
1 1200 150 50 50 2 0
1 1050 100 50 50 2 0
1 1150 200 50 50 2 0
1 1150 150 50 50 2 0
1 1100 100 50 50 2 0
6 200 150 50 50 2 0
1 1100 200 50 50 2 0
1 1250 250 50 50 2 0
1 550 350 50 50 2 0
1 500 350 50 50 2 0
1 550 400 50 50 2 0
1 550 450 50 50 2 0
1 500 400 50 50 2 0
1 500 450 50 50 2 0
1 500 500 50 50 2 0
1 500 550 50 50 2 0
1 550 550 50 50 2 0
1 550 500 50 50 2 0
1 600 550 50 50 2 0
1 650 550 50 50 2 0
1 700 550 50 50 2 0
1 750 550 50 50 2 0
1 800 550 50 50 2 0
1 800 500 50 50 2 0
1 800 450 50 50 2 0
1 800 400 50 50 2 0
1 850 500 50 50 2 0
1 850 550 50 50 2 0
1 850 450 50 50 2 0
1 850 400 50 50 2 0
1 850 350 50 50 2 0
1 800 350 50 50 2 0
1 800 300 50 50 2 0
1 850 300 50 50 2 0
1 750 300 50 50 2 0
1 700 300 50 50 2 0
1 650 300 50 50 2 0
1 600 300 50 50 2 0
1 550 300 50 50 2 0
1 500 300 50 50 2 0
1 500 600 50 50 2 0
1 550 600 50 50 2 0
1 600 600 50 50 2 0
1 650 600 50 50 2 0
1 700 600 50 50 2 0
1 750 600 50 50 2 0
1 800 600 50 50 2 0
1 850 600 50 50 2 0
2 650 400 50 50 2 0
2 650 450 50 50 2 0
2 700 400 50 50 2 0
2 700 450 50 50 2 0
1 600 350 50 50 2 0
1 600 400 50 50 2 0
1 600 450 50 50 2 0
1 600 500 50 50 2 0
1 650 500 50 50 2 0
1 750 500 50 50 2 0
1 750 450 50 50 2 0
1 700 500 50 50 2 0
1 750 400 50 50 2 0
1 750 350 50 50 2 0
1 700 350 50 50 2 0
1 650 350 50 50 2 0
1 500 250 50 50 2 0
1 600 250 50 50 2 0
1 650 250 50 50 2 0
1 700 250 50 50 2 0
1 800 250 50 50 2 0
1 850 250 50 50 2 0
1 750 250 50 50 2 0
1 550 250 50 50 2 0
1 300 500 50 50 2 0
1 600 150 50 50 2 0
1 700 750 50 50 2 0
1 1050 450 50 50 2 0
1 450 750 50 50 2 0
6 150 750 50 50 2 0
6 200 800 50 50 2 0
7 1150 700 50 50 2 0
7 1100 150 50 50 2 0
7 1100 850 50 50 2 0
5 1100 450 50 50 2 0
CEnemy:
800 750 50 50 1 5 10 2
1000 350 50 50 1 5 10 2
750 150 50 50 1 5 10 2
450 700 50 50 1 5 10 2
500 150 50 50 1 5 10 2
700 800 50 50 1 5 10 2
950 500 100 100 10 5 5 2
900 200 100 100 20 5 5 3
