CObject:
14 800 400 50 50 2 1
14 550 400 50 50 2 1
14 250 400 50 50 2 1
14 150 450 50 50 2 1
14 300 400 50 50 2 1
14 50 450 50 50 2 1
14 100 400 50 50 2 1
14 250 450 50 50 2 1
14 500 400 50 50 2 1
14 150 650 50 50 2 1
14 100 700 50 50 2 1
14 150 900 50 50 2 1
14 200 700 50 50 2 1
14 200 650 50 50 2 1
14 50 800 50 50 2 1
14 250 600 50 50 2 1
14 100 100 50 50 2 1
14 200 100 50 50 2 1
14 250 200 50 50 2 1
14 350 100 50 50 2 1
14 600 50 50 50 2 1
14 750 0 50 50 2 1
14 800 0 50 50 2 1
14 450 0 50 50 2 1
14 250 0 50 50 2 1
14 850 50 50 50 2 1
14 1250 50 50 50 2 1
14 1300 50 50 50 2 1
14 1150 0 50 50 2 1
14 1200 150 50 50 2 1
14 1150 100 50 50 2 1
14 1400 50 50 50 2 1
14 1250 200 50 50 2 1
14 1150 200 50 50 2 1
14 1350 750 50 50 2 1
14 1250 650 50 50 2 1
14 1350 650 50 50 2 1
14 1400 850 50 50 2 1
14 1350 900 50 50 2 1
14 1300 850 50 50 2 1
14 1350 700 50 50 2 1
14 600 850 50 50 2 1
14 450 850 50 50 2 1
14 900 850 50 50 2 1
14 700 750 50 50 2 1
14 1250 400 50 50 2 1
14 1250 450 50 50 2 1
14 1000 400 50 50 2 1
4 1450 350 50 200 2 1
5 400 800 50 50 2 1
5 400 900 50 50 2 1
5 550 800 50 50 2 1
5 550 900 50 50 2 1
5 1050 850 50 50 2 1
3 250 700 50 50 2 1
3 250 750 50 50 2 1
3 250 800 50 50 2 1
3 250 850 50 50 2 1
3 250 900 50 50 2 1
3 250 950 50 50 2 1
3 300 650 50 50 2 1
3 350 650 50 50 2 1
3 400 650 50 50 2 1
3 400 600 50 50 2 1
3 350 600 50 50 2 1
3 300 600 50 50 2 1
3 1100 600 50 50 2 1
3 1100 650 50 50 2 1
3 1150 650 50 50 2 1
3 1150 600 50 50 2 1
3 1200 600 50 50 2 1
3 1200 650 50 50 2 1
3 1250 700 50 50 2 1
3 1250 750 50 50 2 1
3 1250 800 50 50 2 1
3 1250 850 50 50 2 1
3 1250 900 50 50 2 1
3 1250 950 50 50 2 1
3 1250 600 50 50 2 1
3 1300 600 50 50 2 1
3 1400 600 50 50 2 1
3 1450 600 50 50 2 1
3 1350 600 50 50 2 1
3 200 600 50 50 2 1
3 250 600 50 50 2 1
3 150 600 50 50 2 1
3 100 600 50 50 2 1
3 50 600 50 50 2 1
3 0 600 50 50 2 1
3 400 250 50 50 2 1
3 350 250 50 50 2 1
3 300 250 50 50 2 1
3 250 250 50 50 2 1
3 200 250 50 50 2 1
3 150 250 50 50 2 1
3 100 250 50 50 2 1
3 0 250 50 50 2 1
3 50 250 50 50 2 1
3 1100 250 50 50 2 1
3 1150 250 50 50 2 1
3 1200 250 50 50 2 1
3 1250 250 50 50 2 1
3 1350 250 50 50 2 1
3 1400 250 50 50 2 1
3 1450 250 50 50 2 1
3 1300 250 50 50 2 1
3 1100 50 50 50 2 1
3 1100 100 50 50 2 1
3 1100 150 50 50 2 1
3 1100 200 50 50 2 1
3 1050 50 50 50 2 1
3 950 50 50 50 2 1
3 900 50 50 50 2 1
3 850 50 50 50 2 1
3 800 50 50 50 2 1
3 750 50 50 50 2 1
3 700 50 50 50 2 1
3 650 50 50 50 2 1
3 600 50 50 50 2 1
3 550 50 50 50 2 1
3 500 50 50 50 2 1
3 450 50 50 50 2 1
3 400 50 50 50 2 1
3 400 100 50 50 2 1
3 400 150 50 50 2 1
3 400 200 50 50 2 1
3 1000 50 50 50 2 1
CEnemy:
50 350 50 50 0 5 10 0
100 450 50 50 0 5 10 0
150 400 50 50 0 5 10 0
50 400 50 50 0 5 10 0
0 500 50 50 0 5 10 0
150 500 50 50 0 5 10 0
200 350 50 50 0 5 10 0
100 350 50 50 0 5 10 0
250 450 50 50 0 5 10 0
200 450 50 50 0 5 10 0
200 500 50 50 0 5 10 0
350 450 50 50 0 5 10 0
250 350 50 50 0 5 10 0
200 400 50 50 0 5 10 0
300 500 50 50 0 5 10 0
500 250 50 50 0 5 10 0
450 350 50 50 0 5 10 0
450 450 50 50 0 5 10 0
500 600 50 50 0 5 10 0
500 550 50 50 0 5 10 0
