CObject:
2 0 300 50 50 2 1
2 50 300 50 50 2 1
2 100 300 50 50 2 1
2 150 300 50 50 2 1
2 200 300 50 50 2 1
2 300 300 50 50 2 1
2 250 300 50 50 2 1
2 350 300 50 50 2 1
2 400 300 50 50 2 1
2 450 300 50 50 2 1
2 450 250 50 50 2 1
2 450 200 50 50 2 1
2 450 150 50 50 2 1
2 500 100 50 50 2 1
2 450 100 50 50 2 1
2 550 100 50 50 2 1
2 600 100 50 50 2 1
2 650 100 50 50 2 1
2 700 100 50 50 2 1
2 800 100 50 50 2 1
2 750 100 50 50 2 1
2 900 100 50 50 2 1
2 850 100 50 50 2 1
2 1000 100 50 50 2 1
2 950 100 50 50 2 1
2 1050 100 50 50 2 1
2 1050 150 50 50 2 1
2 1050 200 50 50 2 1
2 1050 250 50 50 2 1
2 1050 300 50 50 2 1
2 1100 300 50 50 2 1
2 1150 300 50 50 2 1
2 1200 300 50 50 2 1
2 1250 300 50 50 2 1
2 1350 300 50 50 2 1
2 1400 300 50 50 2 1
2 1450 300 50 50 2 1
2 1300 300 50 50 2 1
2 0 550 50 50 2 1
2 600 250 50 50 2 1
2 50 550 50 50 2 1
2 600 300 50 50 2 1
2 100 550 50 50 2 1
2 150 550 50 50 2 1
2 200 550 50 50 2 1
2 250 550 50 50 2 1
2 300 550 50 50 2 1
2 350 550 50 50 2 1
2 400 550 50 50 2 1
2 450 550 50 50 2 1
2 650 250 50 50 2 1
2 450 600 50 50 2 1
2 450 650 50 50 2 1
2 450 700 50 50 2 1
2 500 700 50 50 2 1
2 550 700 50 50 2 1
2 600 700 50 50 2 1
2 650 700 50 50 2 1
2 700 700 50 50 2 1
2 400 700 50 50 2 1
2 350 700 50 50 2 1
2 850 700 50 50 2 1
2 900 700 50 50 2 1
2 950 700 50 50 2 1
2 1000 700 50 50 2 1
2 1050 700 50 50 2 1
2 1050 650 50 50 2 1
2 1050 600 50 50 2 1
2 1050 550 50 50 2 1
2 1100 550 50 50 2 1
2 1150 550 50 50 2 1
2 1200 550 50 50 2 1
2 1250 550 50 50 2 1
2 1300 550 50 50 2 1
2 1400 550 50 50 2 1
2 1450 550 50 50 2 1
2 1350 550 50 50 2 1
2 650 300 50 50 2 1
2 600 550 50 50 2 1
2 650 550 50 50 2 1
2 600 600 50 50 2 1
2 650 600 50 50 2 1
2 850 250 50 50 2 1
2 850 300 50 50 2 1
2 900 250 50 50 2 1
2 900 300 50 50 2 1
2 850 550 50 50 2 1
2 850 600 50 50 2 1
2 900 550 50 50 2 1
2 900 600 50 50 2 1
5 900 400 50 50 2 1
5 650 450 50 50 2 1
2 300 700 50 50 2 1
2 300 750 50 50 2 1
2 300 800 50 50 2 1
2 300 850 50 50 2 1
2 300 900 50 50 2 1
2 300 950 50 50 2 1
2 1100 700 50 50 2 1
2 1150 700 50 50 2 1
2 1200 700 50 50 2 1
2 1200 750 50 50 2 1
2 1200 800 50 50 2 1
2 1200 850 50 50 2 1
2 1200 900 50 50 2 1
2 1200 950 50 50 2 1
5 450 900 50 50 2 1
5 700 900 50 50 2 1
5 1050 900 50 50 2 1
7 400 950 50 50 2 1
6 500 150 50 50 2 1
6 1000 150 50 50 2 1
7 750 950 50 50 2 1
7 1150 950 50 50 2 1
6 500 650 50 50 2 1
6 1000 650 50 50 2 1
CEnemy:
400 850 50 50 0 5 10 0
500 850 50 50 0 5 10 0
450 850 50 50 0 5 10 0
650 850 50 50 0 5 10 0
700 950 50 50 0 5 10 0
750 850 50 50 0 5 10 0
1000 900 50 50 0 5 10 0
1100 900 50 50 0 5 10 0
1050 850 50 50 0 5 10 0
600 400 50 50 0 5 10 0
600 450 50 50 0 5 10 0
700 450 50 50 0 5 10 0
950 450 50 50 0 5 10 0
850 400 50 50 0 5 10 0
900 350 50 50 0 5 10 0
1246 407 100 100 20 3 5 3
723 225 75 75 15 8 15 4
746 589 60 60 20 5 10 2
