CObject:
2 0 300 50 50 2 1
2 50 300 50 50 2 1
2 100 300 50 50 2 1
2 150 300 50 50 2 1
2 200 300 50 50 2 1
2 300 300 50 50 2 1
2 250 300 50 50 2 1
2 350 300 50 50 2 1
2 400 300 50 50 2 1
2 450 300 50 50 2 1
2 450 250 50 50 2 1
2 450 200 50 50 2 1
2 450 150 50 50 2 1
2 500 100 50 50 2 1
2 450 100 50 50 2 1
2 550 100 50 50 2 1
2 600 100 50 50 2 1
2 650 100 50 50 2 1
2 700 100 50 50 2 1
2 800 100 50 50 2 1
2 750 100 50 50 2 1
2 900 100 50 50 2 1
2 850 100 50 50 2 1
2 1000 100 50 50 2 1
2 950 100 50 50 2 1
2 1050 100 50 50 2 1
2 1050 150 50 50 2 1
2 1050 200 50 50 2 1
2 1050 250 50 50 2 1
2 1050 300 50 50 2 1
2 1100 300 50 50 2 1
2 1150 300 50 50 2 1
2 1200 300 50 50 2 1
2 1250 300 50 50 2 1
2 1350 300 50 50 2 1
2 1400 300 50 50 2 1
2 1450 300 50 50 2 1
2 1300 300 50 50 2 1
2 0 550 50 50 2 1
2 600 250 50 50 2 1
2 50 550 50 50 2 1
2 600 300 50 50 2 1
2 100 550 50 50 2 1
2 150 550 50 50 2 1
2 200 550 50 50 2 1
2 250 550 50 50 2 1
2 300 550 50 50 2 1
2 350 550 50 50 2 1
2 400 550 50 50 2 1
2 450 550 50 50 2 1
2 650 250 50 50 2 1
2 450 600 50 50 2 1
2 450 650 50 50 2 1
2 450 700 50 50 2 1
2 500 700 50 50 2 1
2 550 700 50 50 2 1
2 600 700 50 50 2 1
2 650 700 50 50 2 1
2 700 700 50 50 2 1
2 400 700 50 50 2 1
2 350 700 50 50 2 1
2 850 700 50 50 2 1
2 900 700 50 50 2 1
2 950 700 50 50 2 1
2 1000 700 50 50 2 1
2 1050 700 50 50 2 1
2 1050 650 50 50 2 1
2 1050 600 50 50 2 1
2 1050 550 50 50 2 1
2 1100 550 50 50 2 1
2 1150 550 50 50 2 1
2 1200 550 50 50 2 1
2 1250 550 50 50 2 1
2 1300 550 50 50 2 1
2 1400 550 50 50 2 1
2 1450 550 50 50 2 1
2 1350 550 50 50 2 1
2 650 300 50 50 2 1
2 600 550 50 50 2 1
2 650 550 50 50 2 1
2 600 600 50 50 2 1
2 650 600 50 50 2 1
2 850 250 50 50 2 1
2 850 300 50 50 2 1
2 900 250 50 50 2 1
2 900 300 50 50 2 1
2 850 550 50 50 2 1
2 850 600 50 50 2 1
2 900 550 50 50 2 1
2 900 600 50 50 2 1
5 1350 450 50 50 2 1
5 1200 400 50 50 2 1
2 300 700 50 50 2 1
2 300 750 50 50 2 1
2 300 800 50 50 2 1
2 300 850 50 50 2 1
2 300 900 50 50 2 1
2 300 950 50 50 2 1
2 1100 700 50 50 2 1
2 1150 700 50 50 2 1
2 1200 700 50 50 2 1
2 1200 750 50 50 2 1
2 1200 800 50 50 2 1
2 1200 850 50 50 2 1
2 1200 900 50 50 2 1
2 1200 950 50 50 2 1
5 1000 450 50 50 2 1
7 1050 400 50 50 2 1
7 1250 350 50 50 2 1
7 1300 500 50 50 2 1
6 400 950 50 50 2 1
6 700 950 50 50 2 1
6 1100 950 50 50 2 1
6 1150 750 50 50 2 1
6 400 750 50 50 2 1
1 750 700 50 50 2 1
1 800 700 50 50 2 1
1 700 650 50 50 2 1
1 800 650 50 50 2 1
1 850 650 50 50 2 1
1 900 650 50 50 2 1
1 750 650 50 50 2 1
1 650 650 50 50 2 1
1 650 750 50 50 2 1
1 700 750 50 50 2 1
1 750 750 50 50 2 1
1 800 750 50 50 2 1
1 850 750 50 50 2 1
1 900 750 50 50 2 1
CEnemy:
400 800 50 50 0 5 10 0
500 900 50 50 0 5 10 0
600 800 50 50 0 5 10 0
850 850 50 50 0 5 10 0
1000 850 50 50 0 5 10 0
700 900 50 50 0 5 10 0
850 800 50 50 0 5 10 0
950 900 50 50 0 5 10 0
1100 800 50 50 0 5 10 0
950 800 50 50 0 5 10 0
1050 900 50 50 0 5 10 0
750 800 50 50 0 5 10 0
600 900 50 50 0 5 10 0
850 900 50 50 0 5 10 0
500 850 50 50 0 5 10 0
722 200 100 100 20 10 20 4
679 816 60 60 90 2 2 5
