CObject:
2 50 0 50 50 2 1
2 150 0 50 50 2 1
2 100 0 50 50 2 1
2 250 0 50 50 2 1
2 200 0 50 50 2 1
2 350 0 50 50 2 1
2 300 0 50 50 2 1
2 450 0 50 50 2 1
2 500 0 50 50 2 1
2 550 0 50 50 2 1
2 400 0 50 50 2 1
2 650 0 50 50 2 1
2 600 0 50 50 2 1
2 700 0 50 50 2 1
2 800 0 50 50 2 1
2 850 0 50 50 2 1
2 950 0 50 50 2 1
2 750 0 50 50 2 1
2 900 0 50 50 2 1
2 1000 0 50 50 2 1
2 1050 0 50 50 2 1
2 1150 0 50 50 2 1
2 1250 0 50 50 2 1
2 1300 0 50 50 2 1
2 1100 0 50 50 2 1
2 1200 0 50 50 2 1
2 1350 0 50 50 2 1
2 1400 0 50 50 2 1
2 1450 0 50 50 2 1
2 1450 50 50 50 2 1
2 1450 100 50 50 2 1
2 1450 150 50 50 2 1
2 1450 200 50 50 2 1
2 1450 250 50 50 2 1
2 1450 300 50 50 2 1
2 1450 400 50 50 2 1
2 1450 450 50 50 2 1
2 1450 350 50 50 2 1
2 1450 500 50 50 2 1
2 1450 600 50 50 2 1
2 1450 650 50 50 2 1
2 1450 700 50 50 2 1
2 1450 800 50 50 2 1
2 1450 850 50 50 2 1
2 1450 750 50 50 2 1
2 1450 550 50 50 2 1
2 0 0 50 50 2 1
2 0 300 50 50 2 1
2 50 300 50 50 2 1
2 50 250 50 50 2 1
2 50 200 50 50 2 1
2 50 150 50 50 2 1
2 100 150 50 50 2 1
2 150 150 50 50 2 1
2 300 50 50 50 2 1
2 300 100 50 50 2 1
2 300 150 50 50 2 1
2 300 200 50 50 2 1
2 300 250 50 50 2 1
2 300 300 50 50 2 1
2 250 300 50 50 2 1
2 200 300 50 50 2 1
2 200 350 50 50 2 1
2 0 350 50 50 2 1
2 0 400 50 50 2 1
2 0 450 50 50 2 1
2 0 500 50 50 2 1
2 0 550 50 50 2 1
2 0 600 50 50 2 1
2 0 650 50 50 2 1
2 0 700 50 50 2 1
2 0 800 50 50 2 1
2 0 750 50 50 2 1
2 0 850 50 50 2 1
2 0 900 50 50 2 1
2 0 950 50 50 2 1
2 100 950 50 50 2 1
2 50 950 50 50 2 1
2 200 950 50 50 2 1
2 250 950 50 50 2 1
2 150 950 50 50 2 1
2 300 950 50 50 2 1
2 400 950 50 50 2 1
2 450 950 50 50 2 1
2 350 950 50 50 2 1
2 550 950 50 50 2 1
2 600 950 50 50 2 1
2 500 950 50 50 2 1
2 650 950 50 50 2 1
2 700 950 50 50 2 1
2 800 950 50 50 2 1
2 850 950 50 50 2 1
2 900 950 50 50 2 1
2 1000 950 50 50 2 1
2 1050 950 50 50 2 1
2 1100 950 50 50 2 1
2 1150 950 50 50 2 1
2 1250 950 50 50 2 1
2 1300 950 50 50 2 1
2 1350 950 50 50 2 1
2 950 950 50 50 2 1
2 750 950 50 50 2 1
2 1200 950 50 50 2 1
2 100 450 50 50 2 1
2 150 450 50 50 2 1
2 200 450 50 50 2 1
2 300 450 50 50 2 1
2 250 450 50 50 2 1
2 150 500 50 50 2 1
2 150 550 50 50 2 1
2 100 550 50 50 2 1
2 100 600 50 50 2 1
2 100 650 50 50 2 1
2 100 700 50 50 2 1
2 150 700 50 50 2 1
2 200 700 50 50 2 1
2 200 650 50 50 2 1
2 250 600 50 50 2 1
2 250 650 50 50 2 1
2 150 750 50 50 2 1
2 150 800 50 50 2 1
2 150 850 50 50 2 1
2 250 700 50 50 2 1
2 300 700 50 50 2 1
2 400 700 50 50 2 1
2 450 700 50 50 2 1
2 350 700 50 50 2 1
2 450 650 50 50 2 1
2 450 600 50 50 2 1
2 450 550 50 50 2 1
2 1400 750 50 50 2 1
2 1350 750 50 50 2 1
2 1300 750 50 50 2 1
2 1350 800 50 50 2 1
2 1100 900 50 50 2 1
2 1100 850 50 50 2 1
2 1100 800 50 50 2 1
2 1100 750 50 50 2 1
2 1100 700 50 50 2 1
2 1100 650 50 50 2 1
2 1150 650 50 50 2 1
2 1200 650 50 50 2 1
2 1150 850 50 50 2 1
2 1200 850 50 50 2 1
2 1250 650 50 50 2 1
2 1350 650 50 50 2 1
2 1300 650 50 50 2 1
2 1000 650 50 50 2 1
2 1100 600 50 50 2 1
2 1100 550 50 50 2 1
2 1150 550 50 50 2 1
2 1200 550 50 50 2 1
2 1200 500 50 50 2 1
2 1200 450 50 50 2 1
2 1300 400 50 50 2 1
2 1300 350 50 50 2 1
2 1300 450 50 50 2 1
2 1400 400 50 50 2 1
2 1350 400 50 50 2 1
2 1200 250 50 50 2 1
2 1250 250 50 50 2 1
2 1300 250 50 50 2 1
2 1300 200 50 50 2 1
2 1300 150 50 50 2 1
2 1250 150 50 50 2 1
2 1200 150 50 50 2 1
2 1150 150 50 50 2 1
2 1100 150 50 50 2 1
2 1100 200 50 50 2 1
2 1100 250 50 50 2 1
2 1100 300 50 50 2 1
2 1000 150 50 50 2 1
2 1000 250 50 50 2 1
2 1000 300 50 50 2 1
2 1000 350 50 50 2 1
2 1000 400 50 50 2 1
2 1000 200 50 50 2 1
2 650 50 50 50 2 1
2 650 100 50 50 2 1
2 1200 400 50 50 2 1
2 1150 400 50 50 2 1
2 350 300 50 50 2 1
2 400 300 50 50 2 1
2 400 250 50 50 2 1
2 500 250 50 50 2 1
2 600 250 50 50 2 1
2 450 250 50 50 2 1
2 550 250 50 50 2 1
2 700 250 50 50 2 1
2 750 250 50 50 2 1
2 650 250 50 50 2 1
2 500 300 50 50 2 1
2 500 350 50 50 2 1
2 200 850 50 50 2 1
2 250 850 50 50 2 1
2 350 850 50 50 2 1
2 300 850 50 50 2 1
2 450 850 50 50 2 1
2 400 850 50 50 2 1
2 500 850 50 50 2 1
2 550 850 50 50 2 1
2 550 800 50 50 2 1
2 550 750 50 50 2 1
2 550 700 50 50 2 1
2 550 650 50 50 2 1
2 600 600 50 50 2 1
2 650 600 50 50 2 1
2 700 600 50 50 2 1
2 800 600 50 50 2 1
2 550 600 50 50 2 1
2 750 600 50 50 2 1
2 700 500 50 50 2 1
2 700 550 50 50 2 1
2 850 600 50 50 2 1
2 900 600 50 50 2 1
2 650 700 50 50 2 1
2 650 750 50 50 2 1
2 650 850 50 50 2 1
2 650 900 50 50 2 1
2 650 800 50 50 2 1
2 700 700 50 50 2 1
2 750 700 50 50 2 1
2 800 700 50 50 2 1
2 700 800 50 50 2 1
2 750 800 50 50 2 1
2 800 800 50 50 2 1
2 900 850 50 50 2 1
2 900 800 50 50 2 1
2 900 750 50 50 2 1
2 900 700 50 50 2 1
2 900 650 50 50 2 1
2 1000 700 50 50 2 1
2 1000 750 50 50 2 1
2 1000 800 50 50 2 1
2 1000 850 50 50 2 1
2 1000 900 50 50 2 1
2 1000 600 50 50 2 1
2 1000 550 50 50 2 1
2 1000 500 50 50 2 1
2 950 500 50 50 2 1
2 900 500 50 50 2 1
2 850 500 50 50 2 1
2 800 500 50 50 2 1
2 800 450 50 50 2 1
2 800 400 50 50 2 1
2 750 400 50 50 2 1
2 700 400 50 50 2 1
2 650 400 50 50 2 1
2 600 450 50 50 2 1
2 600 400 50 50 2 1
2 600 500 50 50 2 1
2 550 500 50 50 2 1
2 500 500 50 50 2 1
2 450 500 50 50 2 1
2 350 750 50 50 2 1
2 250 800 50 50 2 1
2 500 400 50 50 2 1
2 100 250 50 50 2 1
2 1050 150 50 50 2 1
2 950 150 50 50 2 1
2 900 150 50 50 2 1
2 950 400 50 50 2 1
2 900 400 50 50 2 1
2 900 350 50 50 2 1
2 900 300 50 50 2 1
2 900 250 50 50 2 1
2 850 250 50 50 2 1
2 800 250 50 50 2 1
2 850 150 50 50 2 1
2 800 150 50 50 2 1
2 750 150 50 50 2 1
2 600 100 50 50 2 1
2 500 100 50 50 2 1
2 450 100 50 50 2 1
2 550 100 50 50 2 1
16 550 150 50 50 2 1
4 1400 900 100 100 2 1
6 200 750 50 50 2 1
6 300 800 50 50 2 1
7 600 50 50 50 2 1
7 550 50 50 50 2 1
3 850 500 50 50 2 1
3 700 400 50 50 2 1
3 600 250 50 50 2 1
3 300 250 50 50 2 1
3 300 0 50 50 2 1
3 350 0 50 50 2 1
3 550 0 50 50 2 1
3 850 0 50 50 2 1
3 0 450 50 50 2 1
3 0 650 50 50 2 1
3 0 800 50 50 2 1
3 200 950 50 50 2 1
3 600 950 50 50 2 1
3 900 950 50 50 2 1
3 1100 950 50 50 2 1
3 1100 900 50 50 2 1
3 1100 850 50 50 2 1
3 1150 950 50 50 2 1
3 1200 950 50 50 2 1
3 1250 950 50 50 2 1
3 1300 950 50 50 2 1
3 1350 950 50 50 2 1
3 1450 850 50 50 2 1
3 1450 800 50 50 2 1
3 1450 750 50 50 2 1
3 1450 700 50 50 2 1
3 1450 650 50 50 2 1
3 1400 750 50 50 2 1
3 1350 750 50 50 2 1
3 1300 750 50 50 2 1
3 1300 800 50 50 2 1
3 1200 850 50 50 2 1
3 1150 850 50 50 2 1
3 1100 700 50 50 2 1
3 1100 750 50 50 2 1
3 1100 800 50 50 2 1
3 1350 650 50 50 2 1
3 1300 650 50 50 2 1
3 1450 600 50 50 2 1
3 1450 550 50 50 2 1
3 1450 500 50 50 2 1
3 1450 400 50 50 2 1
3 1450 300 50 50 2 1
3 1450 150 50 50 2 1
3 1350 0 50 50 2 1
3 1400 50 50 50 2 1
3 1100 600 50 50 2 1
3 1200 500 50 50 2 1
3 900 700 50 50 2 1
3 700 600 50 50 2 1
3 550 700 50 50 2 1
3 750 800 50 50 2 1
3 650 700 50 50 2 1
3 900 250 50 50 2 1
3 800 150 50 50 2 1
16 550 200 50 50 2 1
16 400 150 50 50 2 1
16 400 200 50 50 2 1
16 600 850 50 50 2 1
16 850 700 50 50 2 1
16 850 800 50 50 2 1
16 650 300 50 50 2 1
16 650 350 50 50 2 1
16 850 400 50 50 2 1
14 650 550 50 50 2 1
14 600 550 50 50 2 1
14 450 450 50 50 2 1
14 350 400 50 50 2 1
14 350 550 50 50 2 1
14 1200 300 50 50 2 1
14 1350 200 50 50 2 1
14 1250 100 50 50 2 1
14 900 50 50 50 2 1
14 800 100 50 50 2 1
14 1150 750 50 50 2 1
14 1300 900 50 50 2 1
14 1350 550 50 50 2 1
14 1250 500 50 50 2 1
14 350 900 50 50 2 1
14 100 800 50 50 2 1
14 250 500 50 50 2 1
14 200 150 50 50 2 1
14 150 200 50 50 2 1
14 100 350 50 50 2 1
14 350 350 50 50 2 1
14 400 400 50 50 2 1
14 350 600 50 50 2 1
14 750 450 50 50 2 1
14 1050 450 50 50 2 1
14 1100 400 50 50 2 1
14 1050 750 50 50 2 1
CEnemy:
