CObject:
2 0 800 50 50 2 1
2 50 800 50 50 2 1
2 100 800 50 50 2 1
2 150 800 50 50 2 1
2 200 800 50 50 2 1
2 250 800 50 50 2 1
2 300 800 50 50 2 1
2 350 800 50 50 2 1
2 450 800 50 50 2 1
2 500 800 50 50 2 1
2 550 800 50 50 2 1
2 400 800 50 50 2 1
2 600 800 50 50 2 1
2 650 800 50 50 2 1
2 700 800 50 50 2 1
2 750 800 50 50 2 1
2 950 800 50 50 2 1
2 850 800 50 50 2 1
2 800 800 50 50 2 1
2 900 800 50 50 2 1
2 1050 800 50 50 2 1
2 1100 800 50 50 2 1
2 1000 800 50 50 2 1
2 1150 800 50 50 2 1
2 1150 750 50 50 2 1
2 1150 700 50 50 2 1
2 1150 650 50 50 2 1
2 1150 600 50 50 2 1
2 1150 550 50 50 2 1
2 1150 500 50 50 2 1
2 1150 450 50 50 2 1
2 1150 400 50 50 2 1
2 1150 350 50 50 2 1
2 1150 300 50 50 2 1
2 1150 250 50 50 2 1
2 1150 200 50 50 2 1
2 1150 100 50 50 2 1
2 1150 50 50 50 2 1
2 1150 0 50 50 2 1
2 1150 150 50 50 2 1
2 1300 0 50 50 2 1
2 1300 50 50 50 2 1
2 1300 100 50 50 2 1
2 1300 150 50 50 2 1
2 1300 250 50 50 2 1
2 1300 300 50 50 2 1
2 1300 350 50 50 2 1
2 1300 200 50 50 2 1
2 1300 400 50 50 2 1
2 1300 450 50 50 2 1
2 1300 500 50 50 2 1
2 1300 600 50 50 2 1
2 1300 650 50 50 2 1
2 1300 700 50 50 2 1
2 1300 750 50 50 2 1
2 1300 800 50 50 2 1
2 1300 850 50 50 2 1
2 1300 900 50 50 2 1
2 1300 950 50 50 2 1
2 1300 550 50 50 2 1
14 200 900 50 50 2 1
14 150 900 50 50 2 1
14 350 850 50 50 2 1
14 200 850 50 50 2 1
14 350 950 50 50 2 1
14 550 900 50 50 2 1
14 400 900 50 50 2 1
14 250 900 50 50 2 1
14 350 900 50 50 2 1
14 550 850 50 50 2 1
14 450 900 50 50 2 1
14 650 900 50 50 2 1
14 500 900 50 50 2 1
14 700 950 50 50 2 1
14 850 900 50 50 2 1
14 700 850 50 50 2 1
14 750 950 50 50 2 1
14 950 900 50 50 2 1
14 750 900 50 50 2 1
14 1100 950 50 50 2 1
14 1200 850 50 50 2 1
14 1150 900 50 50 2 1
14 1200 900 50 50 2 1
14 1050 850 50 50 2 1
14 1200 800 50 50 2 1
14 1200 700 50 50 2 1
14 1200 550 50 50 2 1
14 1250 450 50 50 2 1
14 1250 350 50 50 2 1
14 1200 250 50 50 2 1
14 1250 150 50 50 2 1
1 100 550 50 50 2 1
1 50 600 50 50 2 1
14 1400 850 50 50 2 1
14 1400 750 50 50 2 1
14 1400 550 50 50 2 1
14 1350 550 50 50 2 1
14 1450 450 50 50 2 1
14 1400 300 50 50 2 1
14 1450 150 50 50 2 1
14 1400 100 50 50 2 1
14 1400 0 50 50 2 1
14 700 400 50 50 2 1
14 900 600 50 50 2 1
14 500 700 50 50 2 1
14 250 650 50 50 2 1
14 200 600 50 50 2 1
14 700 650 50 50 2 1
14 600 650 50 50 2 1
14 100 700 50 50 2 1
14 0 700 50 50 2 1
14 200 700 50 50 2 1
14 400 750 50 50 2 1
14 450 600 50 50 2 1
14 200 650 50 50 2 1
14 50 650 50 50 2 1
14 600 700 50 50 2 1
14 850 650 50 50 2 1
14 650 600 50 50 2 1
14 400 700 50 50 2 1
14 450 700 50 50 2 1
14 950 700 50 50 2 1
14 1100 650 50 50 2 1
14 950 600 50 50 2 1
14 750 700 50 50 2 1
14 700 700 50 50 2 1
14 1000 650 50 50 2 1
1 300 700 50 50 2 1
1 350 650 50 50 2 1
1 200 700 50 50 2 1
1 350 700 50 50 2 1
1 650 750 50 50 2 1
1 750 700 50 50 2 1
1 550 600 50 50 2 1
1 400 650 50 50 2 1
1 800 650 50 50 2 1
1 1000 650 50 50 2 1
1 1050 650 50 50 2 1
1 850 750 50 50 2 1
1 1000 750 50 50 2 1
17 100 50 50 50 2 1
17 0 50 50 50 2 1
17 50 50 50 50 2 1
17 200 100 50 50 2 1
17 200 200 50 50 2 1
17 50 150 50 50 2 1
17 300 50 50 50 2 1
17 250 100 50 50 2 1
17 50 250 50 50 2 1
17 300 250 50 50 2 1
17 200 0 50 50 2 1
17 150 50 50 50 2 1
17 150 200 50 50 2 1
17 0 200 50 50 2 1
17 200 250 50 50 2 1
17 100 0 50 50 2 1
17 450 50 50 50 2 1
17 100 250 50 50 2 1
17 50 400 50 50 2 1
17 300 300 50 50 2 1
17 400 50 50 50 2 1
17 500 150 50 50 2 1
17 450 200 50 50 2 1
17 250 300 50 50 2 1
17 150 450 50 50 2 1
17 50 450 50 50 2 1
17 300 350 50 50 2 1
17 400 100 50 50 2 1
17 300 150 50 50 2 1
17 450 100 50 50 2 1
17 600 50 50 50 2 1
17 450 0 50 50 2 1
3 650 50 50 50 2 1
3 600 100 50 50 2 1
3 500 0 50 50 2 1
3 600 0 50 50 2 1
3 600 150 50 50 2 1
3 500 250 50 50 2 1
3 500 200 50 50 2 1
3 400 300 50 50 2 1
3 350 200 50 50 2 1
3 400 200 50 50 2 1
3 400 350 50 50 2 1
3 300 400 50 50 2 1
3 200 350 50 50 2 1
3 150 500 50 50 2 1
3 50 550 50 50 2 1
3 0 550 50 50 2 1
3 0 600 50 50 2 1
3 150 550 50 50 2 1
3 200 550 50 50 2 1
3 250 500 50 50 2 1
3 200 450 50 50 2 1
3 300 500 50 50 2 1
3 250 450 50 50 2 1
3 300 450 50 50 2 1
3 350 450 50 50 2 1
3 450 400 50 50 2 1
3 400 400 50 50 2 1
3 550 300 50 50 2 1
3 600 250 50 50 2 1
3 500 350 50 50 2 1
3 700 200 50 50 2 1
3 650 150 50 50 2 1
3 700 150 50 50 2 1
3 750 50 50 50 2 1
3 800 0 50 50 2 1
3 750 0 50 50 2 1
3 700 0 50 50 2 1
3 700 50 50 50 2 1
3 700 100 50 50 2 1
3 650 100 50 50 2 1
3 750 100 50 50 2 1
3 600 200 50 50 2 1
3 550 250 50 50 2 1
3 450 350 50 50 2 1
3 650 300 50 50 2 1
3 500 300 50 50 2 1
3 350 400 50 50 2 1
3 450 450 50 50 2 1
3 350 550 50 50 2 1
3 250 550 50 50 2 1
3 100 600 50 50 2 1
3 150 600 50 50 2 1
3 50 650 50 50 2 1
3 0 650 50 50 2 1
3 100 650 50 50 2 1
3 150 650 50 50 2 1
16 1200 300 50 50 2 1
16 1250 300 50 50 2 1
2 950 150 50 50 2 1
2 1000 100 50 50 2 1
2 1000 250 50 50 2 1
2 950 200 50 50 2 1
2 950 250 50 50 2 1
2 1000 300 50 50 2 1
2 1050 350 50 50 2 1
2 1000 50 50 50 2 1
2 550 500 50 50 2 1
2 600 500 50 50 2 1
2 650 450 50 50 2 1
2 700 450 50 50 2 1
2 750 450 50 50 2 1
2 800 450 50 50 2 1
2 850 500 50 50 2 1
2 900 500 50 50 2 1
2 900 550 50 50 2 1
2 600 550 50 50 2 1
2 550 550 50 50 2 1
2 500 550 50 50 2 1
4 1200 0 100 50 2 1
CEnemy:
