CObject:
2 0 100 50 50 2 1
2 50 100 50 50 2 1
2 100 100 50 50 2 1
2 150 100 50 50 2 1
2 200 100 50 50 2 1
2 250 100 50 50 2 1
2 300 100 50 50 2 1
2 350 100 50 50 2 1
2 450 100 50 50 2 1
2 500 100 50 50 2 1
2 550 100 50 50 2 1
2 650 100 50 50 2 1
2 400 100 50 50 2 1
2 600 100 50 50 2 1
2 700 100 50 50 2 1
2 750 100 50 50 2 1
2 850 100 50 50 2 1
2 900 100 50 50 2 1
2 950 100 50 50 2 1
2 800 100 50 50 2 1
2 1000 100 50 50 2 1
2 1050 100 50 50 2 1
2 1150 100 50 50 2 1
2 1200 100 50 50 2 1
2 1100 100 50 50 2 1
2 1250 100 50 50 2 1
2 1250 150 50 50 2 1
2 1250 200 50 50 2 1
2 1250 250 50 50 2 1
2 1250 300 50 50 2 1
2 1250 350 50 50 2 1
2 1250 400 50 50 2 1
2 1250 450 50 50 2 1
2 1250 500 50 50 2 1
2 1250 550 50 50 2 1
2 1250 600 50 50 2 1
2 1250 650 50 50 2 1
2 1250 750 50 50 2 1
2 1250 700 50 50 2 1
2 1250 800 50 50 2 1
2 1200 800 50 50 2 1
2 1150 800 50 50 2 1
2 1100 800 50 50 2 1
2 1050 800 50 50 2 1
2 1000 800 50 50 2 1
2 950 800 50 50 2 1
2 900 800 50 50 2 1
2 850 800 50 50 2 1
2 800 800 50 50 2 1
2 750 800 50 50 2 1
2 700 800 50 50 2 1
2 600 800 50 50 2 1
2 550 800 50 50 2 1
2 450 800 50 50 2 1
2 400 800 50 50 2 1
2 300 800 50 50 2 1
2 650 800 50 50 2 1
2 500 800 50 50 2 1
2 350 800 50 50 2 1
2 250 800 50 50 2 1
2 250 750 50 50 2 1
2 250 700 50 50 2 1
2 250 650 50 50 2 1
2 250 600 50 50 2 1
2 250 550 50 50 2 1
2 300 550 50 50 2 1
2 350 550 50 50 2 1
2 400 550 50 50 2 1
2 450 550 50 50 2 1
2 500 550 50 50 2 1
2 600 550 50 50 2 1
2 650 550 50 50 2 1
2 750 550 50 50 2 1
2 900 550 50 50 2 1
2 700 550 50 50 2 1
2 550 550 50 50 2 1
2 850 550 50 50 2 1
2 800 550 50 50 2 1
2 950 550 50 50 2 1
2 1050 550 50 50 2 1
2 1100 550 50 50 2 1
2 1000 550 50 50 2 1
2 1100 500 50 50 2 1
2 1100 450 50 50 2 1
2 1100 400 50 50 2 1
2 1100 350 50 50 2 1
2 1100 300 50 50 2 1
2 1100 250 50 50 2 1
2 1100 200 50 50 2 1
2 1100 150 50 50 2 1
2 550 450 50 50 2 1
2 550 500 50 50 2 1
4 200 250 100 100 2 1
2 550 150 50 50 2 1
2 550 200 50 50 2 1
2 550 300 50 50 2 1
2 550 250 50 50 2 1
4 800 250 100 100 2 1
15 0 600 100 100 2 1
15 100 600 100 100 2 1
15 50 700 100 100 2 1
15 150 800 100 100 2 1
15 50 850 100 100 2 1
15 300 900 100 100 2 1
15 250 850 100 100 2 1
15 450 900 100 100 2 1
15 350 850 100 100 2 1
15 600 850 100 100 2 1
15 650 900 100 100 2 1
15 750 850 100 100 2 1
15 850 900 100 100 2 1
15 1000 850 100 100 2 1
15 1150 900 100 100 2 1
15 1300 850 100 100 2 1
15 1400 750 100 100 2 1
15 1350 550 100 100 2 1
15 1400 500 100 100 2 1
15 1300 350 100 100 2 1
15 1350 200 100 100 2 1
15 1350 50 100 100 2 1
15 1150 0 100 100 2 1
15 850 0 100 100 2 1
15 600 0 100 100 2 1
15 350 0 100 100 2 1
15 550 50 100 100 2 1
15 750 50 100 100 2 1
15 1000 50 100 100 2 1
15 950 0 100 100 2 1
15 150 0 100 100 2 1
15 550 350 100 100 2 1
15 600 300 100 100 2 1
15 600 350 100 100 2 1
15 650 450 100 100 2 1
15 650 500 100 100 2 1
15 700 400 100 100 2 1
15 650 250 100 100 2 1
15 650 200 100 100 2 1
15 700 250 100 100 2 1
15 800 400 100 100 2 1
15 750 350 100 100 2 1
15 950 450 100 100 2 1
15 800 450 100 100 2 1
15 950 300 100 100 2 1
15 900 200 100 100 2 1
15 750 150 100 100 2 1
15 650 150 100 100 2 1
15 950 150 100 100 2 1
15 1000 200 100 100 2 1
1 350 650 100 100 2 1
1 550 700 100 100 2 1
1 500 600 100 100 2 1
1 800 650 100 100 2 1
1 750 600 100 100 2 1
1 1050 650 100 100 2 1
1 950 600 100 100 2 1
1 1100 700 100 100 2 1
1 1150 550 100 100 2 1
1 1150 350 100 100 2 1
1 1150 200 100 100 2 1
6 950 150 50 50 2 1
7 950 500 50 50 2 1
16 500 350 50 50 2 1
16 500 400 50 50 2 1
16 500 450 50 50 2 1
16 500 500 50 50 2 1
16 500 300 50 50 2 1
16 500 250 50 50 2 1
16 500 200 50 50 2 1
16 500 150 50 50 2 1
2 100 300 50 50 2 1
2 150 250 50 50 2 1
2 200 200 50 50 2 1
2 250 200 50 50 2 1
2 300 250 50 50 2 1
2 350 300 50 50 2 1
2 150 350 50 50 2 1
2 300 350 50 50 2 1
2 300 300 50 50 2 1
2 150 300 50 50 2 1
2 200 150 50 50 2 1
2 250 150 50 50 2 1
CEnemy:
