CObject:
2 600 0 50 50 2 1
2 500 0 50 50 2 1
2 550 0 50 50 2 1
2 500 50 50 50 2 1
2 450 50 50 50 2 1
2 400 100 50 50 2 1
2 350 150 50 50 2 1
2 300 150 50 50 2 1
2 300 200 50 50 2 1
2 250 250 50 50 2 1
2 200 250 50 50 2 1
2 200 300 50 50 2 1
2 150 350 50 50 2 1
2 150 450 50 50 2 1
2 100 500 50 50 2 1
2 150 600 50 50 2 1
2 150 650 50 50 2 1
2 200 750 50 50 2 1
2 300 800 50 50 2 1
2 350 850 50 50 2 1
2 450 900 50 50 2 1
2 500 900 50 50 2 1
2 550 950 50 50 2 1
2 650 950 50 50 2 1
2 750 950 50 50 2 1
2 800 950 50 50 2 1
2 900 950 50 50 2 1
2 950 950 50 50 2 1
2 1050 900 50 50 2 1
2 1100 900 50 50 2 1
2 1150 850 50 50 2 1
2 1200 850 50 50 2 1
2 1200 800 50 50 2 1
2 1250 750 50 50 2 1
2 1250 700 50 50 2 1
2 1300 650 50 50 2 1
2 1400 500 50 50 2 1
2 1350 550 50 50 2 1
2 1350 500 50 50 2 1
2 1400 450 50 50 2 1
2 1400 350 50 50 2 1
2 1350 250 50 50 2 1
2 1350 200 50 50 2 1
2 1250 150 50 50 2 1
2 1200 100 50 50 2 1
2 1150 50 50 50 2 1
2 1050 0 50 50 2 1
2 1000 0 50 50 2 1
2 900 0 50 50 2 1
2 1100 0 50 50 2 1
2 1100 50 50 50 2 1
2 1150 100 50 50 2 1
2 1200 150 50 50 2 1
2 1250 200 50 50 2 1
2 1300 200 50 50 2 1
2 1350 300 50 50 2 1
2 1450 400 50 50 2 1
2 1400 400 50 50 2 1
2 150 400 50 50 2 1
2 100 450 50 50 2 1
2 150 500 50 50 2 1
2 150 550 50 50 2 1
2 250 750 50 50 2 1
2 250 800 50 50 2 1
2 200 700 50 50 2 1
2 400 900 50 50 2 1
2 600 950 50 50 2 1
2 700 950 50 50 2 1
2 850 950 50 50 2 1
2 1000 950 50 50 2 1
2 650 0 50 50 2 1
2 750 50 50 50 2 1
2 700 50 50 50 2 1
2 700 0 50 50 2 1
2 750 100 50 50 2 1
2 750 150 50 50 2 1
2 750 200 50 50 2 1
2 750 250 50 50 2 1
2 700 250 50 50 2 1
2 650 250 50 50 2 1
2 550 250 50 50 2 1
2 600 250 50 50 2 1
2 500 250 50 50 2 1
2 400 150 50 50 2 1
2 500 350 50 50 2 1
2 500 400 50 50 2 1
2 500 450 50 50 2 1
2 450 450 50 50 2 1
2 400 450 50 50 2 1
2 350 450 50 50 2 1
2 300 450 50 50 2 1
2 300 500 50 50 2 1
2 300 550 50 50 2 1
2 300 600 50 50 2 1
2 300 650 50 50 2 1
2 400 650 50 50 2 1
2 350 650 50 50 2 1
2 500 650 50 50 2 1
2 450 650 50 50 2 1
2 550 650 50 50 2 1
2 600 650 50 50 2 1
2 650 650 50 50 2 1
2 700 650 50 50 2 1
2 750 650 50 50 2 1
2 850 650 50 50 2 1
2 800 650 50 50 2 1
2 900 650 50 50 2 1
2 950 650 50 50 2 1
2 1000 650 50 50 2 1
2 1050 650 50 50 2 1
2 1100 650 50 50 2 1
2 1150 650 50 50 2 1
2 1100 550 50 50 2 1
2 1100 450 50 50 2 1
2 1150 550 50 50 2 1
2 1150 450 50 50 2 1
2 1150 400 50 50 2 1
2 850 50 50 50 2 1
2 850 100 50 50 2 1
2 850 150 50 50 2 1
2 900 150 50 50 2 1
2 950 150 50 50 2 1
2 850 250 50 50 2 1
2 900 250 50 50 2 1
2 950 250 50 50 2 1
2 750 350 50 50 2 1
2 800 350 50 50 2 1
2 700 350 50 50 2 1
2 650 350 50 50 2 1
2 600 350 50 50 2 1
2 600 400 50 50 2 1
2 600 450 50 50 2 1
2 600 500 50 50 2 1
2 600 550 50 50 2 1
2 550 550 50 50 2 1
2 500 550 50 50 2 1
2 400 550 50 50 2 1
2 450 550 50 50 2 1
2 700 550 50 50 2 1
2 700 500 50 50 2 1
2 700 450 50 50 2 1
2 800 550 50 50 2 1
2 800 500 50 50 2 1
2 800 450 50 50 2 1
2 750 450 50 50 2 1
2 1250 400 50 50 2 1
2 1250 450 50 50 2 1
2 1250 500 50 50 2 1
2 1250 550 50 50 2 1
2 1100 700 50 50 2 1
2 1100 750 50 50 2 1
2 1050 750 50 50 2 1
2 1000 800 50 50 2 1
2 950 800 50 50 2 1
2 900 800 50 50 2 1
2 900 750 50 50 2 1
2 900 700 50 50 2 1
2 850 700 50 50 2 1
2 800 700 50 50 2 1
2 700 700 50 50 2 1
2 750 700 50 50 2 1
2 900 900 50 50 2 1
2 1000 250 50 50 2 1
2 1050 250 50 50 2 1
2 1000 150 50 50 2 1
2 1050 150 50 50 2 1
15 1100 250 50 50 2 1
2 1150 350 50 50 2 1
2 1150 300 50 50 2 1
2 850 350 50 50 2 1
2 900 350 50 50 2 1
2 900 400 50 50 2 1
2 900 450 50 50 2 1
2 900 500 50 50 2 1
2 1000 300 50 50 2 1
2 1000 350 50 50 2 1
2 1000 400 50 50 2 1
2 1000 450 50 50 2 1
2 900 550 50 50 2 1
2 950 550 50 50 2 1
2 1000 550 50 50 2 1
2 1050 550 50 50 2 1
2 1050 450 50 50 2 1
2 1150 250 50 50 2 1
2 1200 550 50 50 2 1
2 1400 550 50 50 2 1
2 1400 600 50 50 2 1
2 1400 650 50 50 2 1
2 1350 700 50 50 2 1
2 1300 700 50 50 2 1
2 1250 800 50 50 2 1
2 1150 900 50 50 2 1
15 1100 300 50 50 2 1
15 1050 350 50 50 2 1
15 1100 350 50 50 2 1
15 1050 300 50 50 2 1
6 1050 400 50 50 2 1
7 1100 400 50 50 2 1
1 900 50 50 50 2 1
1 950 50 50 50 2 1
1 950 100 50 50 2 1
13 950 0 50 50 2 1
1 1000 50 50 50 2 1
1 1000 100 50 50 2 1
1 900 100 50 50 2 1
1 1050 50 50 50 2 1
1 1050 100 50 50 2 1
2 1250 250 50 50 2 1
2 1250 300 50 50 2 1
2 1300 300 50 50 2 1
2 1300 250 50 50 2 1
2 1300 150 50 50 2 1
2 1400 300 50 50 2 1
2 1300 100 50 50 2 1
2 1250 50 50 50 2 1
2 400 0 50 50 2 1
2 400 50 50 50 2 1
2 250 100 50 50 2 1
2 350 100 50 50 2 1
2 150 100 50 50 2 1
2 0 350 50 50 2 1
2 50 450 50 50 2 1
2 50 600 50 50 2 1
2 100 650 50 50 2 1
2 150 700 50 50 2 1
2 150 800 50 50 2 1
2 200 900 50 50 2 1
2 250 900 50 50 2 1
2 350 900 50 50 2 1
2 200 800 50 50 2 1
2 1100 950 50 50 2 1
2 1150 950 50 50 2 1
2 1300 850 50 50 2 1
2 1300 800 50 50 2 1
2 1400 750 50 50 2 1
2 1400 700 50 50 2 1
2 1450 750 50 50 2 1
2 1350 750 50 50 2 1
2 1050 800 50 50 2 1
6 650 850 50 50 2 1
2 950 900 50 50 2 1
2 1000 900 50 50 2 1
2 850 900 50 50 2 1
2 650 700 50 50 2 1
2 750 800 50 50 2 1
2 800 800 50 50 2 1
2 700 800 50 50 2 1
2 650 800 50 50 2 1
2 600 700 50 50 2 1
2 800 900 50 50 2 1
2 750 900 50 50 2 1
2 700 900 50 50 2 1
2 600 900 50 50 2 1
2 650 900 50 50 2 1
2 550 900 50 50 2 1
2 600 800 50 50 2 1
2 500 800 50 50 2 1
2 550 800 50 50 2 1
2 550 700 50 50 2 1
2 500 700 50 50 2 1
2 450 700 50 50 2 1
2 400 700 50 50 2 1
2 400 200 50 50 2 1
2 500 150 50 50 2 1
2 600 850 50 50 2 1
2 400 850 50 50 2 1
2 450 350 50 50 2 1
4 550 850 100 100 2 1
2 400 350 50 50 2 1
2 350 350 50 50 2 1
2 500 200 50 50 2 1
2 400 250 50 50 2 1
2 350 250 50 50 2 1
2 300 400 50 50 2 1
2 600 50 50 50 2 1
2 600 100 50 50 2 1
2 650 200 50 50 2 1
6 700 850 50 50 2 1
7 500 750 50 50 2 1
2 450 750 50 50 2 1
1 1100 100 100 100 2 1
1 750 850 50 50 2 1
14 600 300 50 50 2 1
14 650 450 50 50 2 1
14 500 500 50 50 2 1
14 600 600 50 50 2 1
14 850 600 50 50 2 1
14 850 400 50 50 2 1
14 100 250 50 50 2 1
14 200 150 50 50 2 1
14 100 200 50 50 2 1
14 0 550 50 50 2 1
14 400 750 50 50 2 1
14 300 750 50 50 2 1
14 200 600 50 50 2 1
14 250 550 50 50 2 1
14 200 450 50 50 2 1
14 250 350 50 50 2 1
14 300 300 50 50 2 1
14 950 200 50 50 2 1
14 1100 200 50 50 2 1
14 1200 350 50 50 2 1
14 1100 500 50 50 2 1
14 1350 400 50 50 2 1
14 1250 600 50 50 2 1
14 1200 700 50 50 2 1
14 1050 600 50 50 2 1
14 1100 800 50 50 2 1
14 850 850 50 50 2 1
14 800 750 50 50 2 1
14 700 750 50 50 2 1
15 1300 450 50 50 2 1
15 1350 600 50 50 2 1
15 900 600 50 50 2 1
15 750 600 50 50 2 1
15 700 500 50 50 2 1
15 750 500 50 50 2 1
15 750 550 50 50 2 1
15 450 600 50 50 2 1
15 500 500 50 50 2 1
15 550 350 50 50 2 1
15 500 300 50 50 2 1
15 450 250 50 50 2 1
15 650 150 50 50 2 1
15 600 150 50 50 2 1
15 700 100 50 50 2 1
15 700 150 50 50 2 1
15 700 200 50 50 2 1
15 650 100 50 50 2 1
15 600 200 50 50 2 1
9 700 150 50 50 2 1
15 800 300 50 50 2 1
15 850 300 50 50 2 1
15 950 350 50 50 2 1
15 950 450 50 50 2 1
15 1300 350 50 50 2 1
15 1250 350 50 50 2 1
15 1200 200 50 50 2 1
CEnemy:
968 719 65 65 50 3 10 5
