CObject:
2 50 200 50 50 2 1
2 0 200 50 50 2 1
2 50 150 50 50 2 1
2 100 250 50 50 2 1
2 150 250 50 50 2 1
2 200 300 50 50 2 1
2 200 350 50 50 2 1
2 300 400 50 50 2 1
2 350 450 50 50 2 1
2 250 400 50 50 2 1
2 400 500 50 50 2 1
2 450 550 50 50 2 1
2 500 600 50 50 2 1
2 550 600 50 50 2 1
2 600 650 50 50 2 1
2 650 700 50 50 2 1
2 700 700 50 50 2 1
2 750 750 50 50 2 1
2 800 750 50 50 2 1
2 900 800 50 50 2 1
2 1000 800 50 50 2 1
2 1050 800 50 50 2 1
2 1150 850 50 50 2 1
2 1250 800 50 50 2 1
2 1300 800 50 50 2 1
2 1400 800 50 50 2 1
2 1350 800 50 50 2 1
2 1150 800 50 50 2 1
2 850 800 50 50 2 1
2 1100 800 50 50 2 1
2 1450 800 50 50 2 1
2 950 800 50 50 2 1
2 1200 800 50 50 2 1
2 200 0 50 50 2 1
2 250 50 50 50 2 1
2 300 100 50 50 2 1
2 350 150 50 50 2 1
2 400 200 50 50 2 1
2 450 200 50 50 2 1
2 500 250 50 50 2 1
2 600 300 50 50 2 1
2 650 300 50 50 2 1
2 550 300 50 50 2 1
2 700 350 50 50 2 1
2 750 350 50 50 2 1
2 800 350 50 50 2 1
2 900 400 50 50 2 1
2 850 350 50 50 2 1
2 1000 450 50 50 2 1
2 1100 450 50 50 2 1
2 950 450 50 50 2 1
2 1100 500 50 50 2 1
2 1150 500 50 50 2 1
2 1000 500 50 50 2 1
2 1200 500 50 50 2 1
2 1350 500 50 50 2 1
2 1450 500 50 50 2 1
2 1400 500 50 50 2 1
2 1300 500 50 50 2 1
2 1250 500 50 50 2 1
4 1450 550 50 250 2 1
5 900 700 50 50 2 1
15 850 750 50 50 2 1
15 900 750 50 50 2 1
15 950 700 50 50 2 1
15 900 650 50 50 2 1
15 850 650 50 50 2 1
15 800 700 50 50 2 1
15 800 600 50 50 2 1
15 800 650 50 50 2 1
15 950 650 50 50 2 1
15 1000 700 50 50 2 1
15 1000 750 50 50 2 1
15 950 750 50 50 2 1
14 300 250 50 50 2 1
15 750 650 50 50 2 1
15 850 700 50 50 2 1
14 150 200 50 50 2 1
14 250 200 50 50 2 1
14 400 350 50 50 2 1
14 300 300 50 50 2 1
14 550 450 50 50 2 1
14 450 400 50 50 2 1
14 400 300 50 50 2 1
14 600 400 50 50 2 1
14 750 550 50 50 2 1
14 600 450 50 50 2 1
14 600 550 50 50 2 1
14 800 500 50 50 2 1
14 700 450 50 50 2 1
14 850 500 50 50 2 1
14 850 550 50 50 2 1
6 288 368 50 50 1 1
7 500 300 50 50 2 1
2 1050 450 50 50 2 1
2 1000 350 50 50 2 1
2 900 300 50 50 2 1
2 800 200 50 50 2 1
2 600 150 50 50 2 1
2 450 50 50 50 2 1
2 400 50 50 50 2 1
2 550 150 50 50 2 1
2 650 250 50 50 2 1
2 450 150 50 50 2 1
2 450 100 50 50 2 1
2 600 250 50 50 2 1
2 800 250 50 50 2 1
2 50 300 50 50 2 1
2 200 400 50 50 2 1
2 250 450 50 50 2 1
2 300 500 50 50 2 1
2 400 600 50 50 2 1
2 450 700 50 50 2 1
2 600 750 50 50 2 1
2 650 800 50 50 2 1
2 500 700 50 50 2 1
2 200 550 50 50 2 1
2 450 600 50 50 2 1
2 600 700 50 50 2 1
2 800 800 50 50 2 1
2 950 900 50 50 2 1
2 1150 900 50 50 2 1
2 800 850 50 50 2 1
2 950 850 50 50 2 1
2 300 550 50 50 2 1
2 350 600 50 50 2 1
2 550 700 50 50 2 1
2 550 650 50 50 2 1
2 700 750 50 50 2 1
2 1350 850 50 50 2 1
2 1400 850 50 50 2 1
2 500 750 50 50 2 1
2 550 750 50 50 2 1
2 500 800 50 50 2 1
2 450 800 50 50 2 1
2 450 850 50 50 2 1
2 450 900 50 50 2 1
2 400 900 50 50 2 1
2 400 950 50 50 2 1
2 1050 850 50 50 2 1
13 900 850 50 50 2 1
13 850 850 50 50 2 1
13 850 900 50 50 2 1
13 900 950 50 50 2 1
13 750 800 50 50 2 1
13 700 800 50 50 2 1
13 750 900 50 50 2 1
12 750 850 50 50 2 1
12 700 850 50 50 2 1
12 700 900 50 50 2 1
12 800 900 50 50 2 1
12 1000 900 50 50 2 1
12 1000 850 50 50 2 1
12 900 900 50 50 2 1
12 850 950 50 50 2 1
12 600 850 50 50 2 1
12 750 950 50 50 2 1
12 650 750 50 50 2 1
12 550 800 50 50 2 1
12 650 900 50 50 2 1
2 1100 850 50 50 2 1
2 1100 900 50 50 2 1
2 1150 950 50 50 2 1
3 450 750 50 50 2 1
3 400 750 50 50 2 1
3 400 800 50 50 2 1
3 400 850 50 50 2 1
3 300 900 50 50 2 1
3 350 900 50 50 2 1
3 350 800 50 50 2 1
3 350 700 50 50 2 1
3 350 750 50 50 2 1
3 350 850 50 50 2 1
3 350 950 50 50 2 1
3 300 950 50 50 2 1
3 300 850 50 50 2 1
3 250 900 50 50 2 1
3 250 950 50 50 2 1
3 250 850 50 50 2 1
3 200 900 50 50 2 1
3 200 850 50 50 2 1
3 200 950 50 50 2 1
3 150 900 50 50 2 1
3 150 850 50 50 2 1
3 150 950 50 50 2 1
3 100 950 50 50 2 1
3 50 900 50 50 2 1
3 100 850 50 50 2 1
3 100 900 50 50 2 1
3 50 950 50 50 2 1
3 0 950 50 50 2 1
3 0 900 50 50 2 1
3 0 850 50 50 2 1
3 50 850 50 50 2 1
3 200 800 50 50 2 1
3 300 800 50 50 2 1
3 250 800 50 50 2 1
3 150 800 50 50 2 1
3 100 800 50 50 2 1
3 50 800 50 50 2 1
3 0 800 50 50 2 1
3 0 750 50 50 2 1
3 100 750 50 50 2 1
3 150 750 50 50 2 1
3 200 750 50 50 2 1
3 250 750 50 50 2 1
3 300 750 50 50 2 1
3 400 650 50 50 2 1
3 450 650 50 50 2 1
3 500 650 50 50 2 1
3 400 700 50 50 2 1
3 300 650 50 50 2 1
3 250 650 50 50 2 1
3 300 700 50 50 2 1
3 350 650 50 50 2 1
3 250 700 50 50 2 1
3 200 650 50 50 2 1
3 200 700 50 50 2 1
3 100 700 50 50 2 1
3 50 700 50 50 2 1
3 0 700 50 50 2 1
3 50 750 50 50 2 1
3 50 650 50 50 2 1
3 0 650 50 50 2 1
3 100 650 50 50 2 1
3 150 700 50 50 2 1
3 150 650 50 50 2 1
3 250 600 50 50 2 1
3 300 600 50 50 2 1
3 250 550 50 50 2 1
3 250 500 50 50 2 1
3 200 500 50 50 2 1
3 200 550 50 50 2 1
3 200 600 50 50 2 1
3 150 550 50 50 2 1
3 150 600 50 50 2 1
3 150 500 50 50 2 1
3 200 450 50 50 2 1
3 100 450 50 50 2 1
3 150 400 50 50 2 1
3 150 450 50 50 2 1
3 100 550 50 50 2 1
3 100 600 50 50 2 1
3 50 500 50 50 2 1
3 50 550 50 50 2 1
3 50 600 50 50 2 1
3 0 500 50 50 2 1
3 0 600 50 50 2 1
3 100 500 50 50 2 1
3 0 550 50 50 2 1
3 0 450 50 50 2 1
3 0 400 50 50 2 1
3 0 350 50 50 2 1
3 0 300 50 50 2 1
3 0 250 50 50 2 1
3 50 250 50 50 2 1
3 100 300 50 50 2 1
3 150 300 50 50 2 1
3 150 350 50 50 2 1
3 100 350 50 50 2 1
3 50 350 50 50 2 1
3 50 400 50 50 2 1
3 100 400 50 50 2 1
3 50 450 50 50 2 1
3 1200 850 50 50 2 1
3 1200 900 50 50 2 1
3 1250 950 50 50 2 1
3 1250 900 50 50 2 1
3 1250 850 50 50 2 1
3 1200 950 50 50 2 1
3 1300 900 50 50 2 1
3 1300 850 50 50 2 1
3 1300 950 50 50 2 1
3 1350 900 50 50 2 1
3 1350 950 50 50 2 1
3 1400 900 50 50 2 1
3 1400 950 50 50 2 1
3 1450 900 50 50 2 1
3 1450 850 50 50 2 1
3 1450 950 50 50 2 1
17 300 0 50 50 2 1
17 250 0 50 50 2 1
17 300 50 50 50 2 1
17 250 100 50 50 2 1
17 300 150 50 50 2 1
17 350 200 50 50 2 1
17 400 100 50 50 2 1
17 350 100 50 50 2 1
17 400 150 50 50 2 1
17 350 0 50 50 2 1
17 350 50 50 50 2 1
17 400 0 50 50 2 1
17 450 0 50 50 2 1
17 500 50 50 50 2 1
17 500 100 50 50 2 1
17 500 150 50 50 2 1
17 500 200 50 50 2 1
17 550 200 50 50 2 1
17 550 250 50 50 2 1
17 600 200 50 50 2 1
17 650 200 50 50 2 1
17 700 200 50 50 2 1
17 700 250 50 50 2 1
17 750 300 50 50 2 1
17 750 250 50 50 2 1
17 700 300 50 50 2 1
17 750 200 50 50 2 1
17 700 150 50 50 2 1
17 650 100 50 50 2 1
17 600 100 50 50 2 1
17 650 150 50 50 2 1
17 550 50 50 50 2 1
17 550 0 50 50 2 1
17 500 0 50 50 2 1
17 600 50 50 50 2 1
17 550 100 50 50 2 1
17 600 0 50 50 2 1
17 650 50 50 50 2 1
17 700 50 50 50 2 1
17 700 100 50 50 2 1
17 750 150 50 50 2 1
17 750 100 50 50 2 1
17 800 300 50 50 2 1
17 850 300 50 50 2 1
17 850 250 50 50 2 1
17 950 350 50 50 2 1
17 950 400 50 50 2 1
17 900 350 50 50 2 1
17 1000 400 50 50 2 1
17 1100 400 50 50 2 1
17 1050 400 50 50 2 1
17 1150 400 50 50 2 1
17 1150 450 50 50 2 1
17 1200 450 50 50 2 1
17 1250 450 50 50 2 1
17 1350 450 50 50 2 1
17 1450 450 50 50 2 1
17 1400 450 50 50 2 1
17 1300 450 50 50 2 1
17 1200 400 50 50 2 1
17 1100 350 50 50 2 1
17 900 200 50 50 2 1
17 950 250 50 50 2 1
17 900 250 50 50 2 1
17 1050 300 50 50 2 1
17 1000 300 50 50 2 1
17 950 300 50 50 2 1
17 1050 350 50 50 2 1
17 1200 350 50 50 2 1
17 1350 400 50 50 2 1
17 1400 400 50 50 2 1
17 850 200 50 50 2 1
17 800 100 50 50 2 1
17 1000 250 50 50 2 1
17 1300 400 50 50 2 1
17 900 150 50 50 2 1
17 1250 350 50 50 2 1
17 1100 300 50 50 2 1
17 1450 400 50 50 2 1
17 1250 400 50 50 2 1
17 850 150 50 50 2 1
17 800 150 50 50 2 1
17 1100 250 50 50 2 1
17 1350 350 50 50 2 1
17 1050 250 50 50 2 1
17 1400 350 50 50 2 1
17 1300 350 50 50 2 1
17 1150 350 50 50 2 1
17 950 200 50 50 2 1
17 1150 300 50 50 2 1
17 1200 300 50 50 2 1
2 650 0 50 50 2 1
2 700 0 50 50 2 1
2 750 0 50 50 2 1
2 750 50 50 50 2 1
2 800 50 50 50 2 1
2 900 100 50 50 2 1
2 850 100 50 50 2 1
2 850 50 50 50 2 1
2 950 100 50 50 2 1
2 950 150 50 50 2 1
2 1000 150 50 50 2 1
2 1000 200 50 50 2 1
2 1050 200 50 50 2 1
2 1100 200 50 50 2 1
2 1150 200 50 50 2 1
2 1050 150 50 50 2 1
2 1200 250 50 50 2 1
2 1250 250 50 50 2 1
2 1150 250 50 50 2 1
2 1300 250 50 50 2 1
2 1300 300 50 50 2 1
2 1350 300 50 50 2 1
2 1400 300 50 50 2 1
2 1450 300 50 50 2 1
2 1450 350 50 50 2 1
2 1250 300 50 50 2 1
14 1250 100 50 50 2 1
14 1150 100 50 50 2 1
14 950 50 50 50 2 1
14 1150 50 50 50 2 1
14 1300 100 50 50 2 1
14 1050 100 50 50 2 1
14 1250 50 50 50 2 1
14 1050 0 50 50 2 1
14 1000 0 50 50 2 1
14 1400 200 50 50 2 1
14 1400 100 50 50 2 1
14 1250 150 50 50 2 1
14 1350 150 50 50 2 1
14 1400 50 50 50 2 1
14 1300 50 50 50 2 1
14 1200 0 50 50 2 1
14 1200 50 50 50 2 1
14 1400 150 50 50 2 1
14 1450 250 50 50 2 1
14 1400 0 50 50 2 1
14 1250 0 50 50 2 1
14 1300 150 50 50 2 1
14 1350 200 50 50 2 1
14 1250 200 50 50 2 1
14 1200 150 50 50 2 1
15 1350 550 50 50 2 1
15 1350 600 50 50 2 1
15 1400 700 50 50 2 1
15 1400 600 50 50 2 1
15 1300 650 50 50 2 1
15 1300 600 50 50 2 1
15 1350 700 50 50 2 1
15 1350 750 50 50 2 1
15 1250 700 50 50 2 1
15 1400 750 50 50 2 1
15 1350 650 50 50 2 1
14 1250 550 50 50 2 1
14 1300 550 50 50 2 1
14 1250 600 50 50 2 1
14 1200 650 50 50 2 1
14 1150 700 50 50 2 1
14 1300 750 50 50 2 1
14 1300 700 50 50 2 1
14 1200 750 50 50 2 1
CEnemy:
1030 600 100 100 10 3 3 3
