CObject:
2 0 650 50 50 1 1
2 0 600 50 50 1 1
2 0 550 50 50 1 1
2 0 500 50 50 1 1
2 200 650 50 50 1 1
2 0 700 50 50 1 1
2 0 750 50 50 1 1
2 0 800 50 50 1 1
2 0 850 50 50 1 1
2 0 950 50 50 1 1
2 0 900 50 50 1 1
2 200 950 50 50 1 1
2 200 900 50 50 1 1
2 200 850 50 50 1 1
2 200 800 50 50 1 1
2 200 750 50 50 1 1
2 200 700 50 50 1 1
2 0 450 50 50 1 1
2 0 400 50 50 1 1
2 50 400 50 50 1 1
2 100 400 50 50 1 1
2 150 400 50 50 1 1
2 200 400 50 50 1 1
2 250 400 50 50 1 1
2 250 350 50 50 1 1
2 250 300 50 50 1 1
2 250 250 50 50 1 1
2 250 200 50 50 1 1
2 250 150 50 50 1 1
2 250 100 50 50 1 1
2 250 0 50 50 1 1
2 250 50 50 50 1 1
3 450 400 50 50 1 1
3 500 400 50 50 1 1
3 550 400 50 50 1 1
2 300 400 50 50 1 1
2 350 400 50 50 1 1
2 400 400 50 50 1 1
2 600 400 50 50 1 1
2 650 400 50 50 1 1
2 700 400 50 50 1 1
2 700 350 50 50 1 1
2 700 300 50 50 1 1
2 700 250 50 50 1 1
2 700 200 50 50 1 1
2 700 150 50 50 1 1
2 700 100 50 50 1 1
2 700 50 50 50 1 1
2 700 0 50 50 1 1
2 752 425 50 25 1 1
2 800 425 50 25 1 1
2 850 425 50 25 1 1
2 900 425 50 25 1 1
2 950 400 50 50 1 1
2 950 350 50 50 1 1
2 950 300 50 50 1 1
2 950 250 50 50 1 1
2 950 200 50 50 1 1
2 950 150 50 50 1 1
2 900 150 50 50 1 1
2 850 150 50 50 1 1
2 750 150 50 50 1 1
2 800 150 50 50 1 1
2 250 650 50 50 1 1
2 350 650 50 50 1 1
2 400 650 50 50 1 1
2 300 650 50 50 1 1
2 450 650 50 50 1 1
3 500 650 50 50 1 1
3 550 650 50 50 1 1
3 600 650 50 50 1 1
3 650 650 50 50 1 1
3 700 650 50 50 1 1
3 750 650 50 50 1 1
3 350 650 50 50 1 1
3 200 750 50 50 1 1
3 0 800 50 50 1 1
3 0 600 50 50 1 1
3 100 400 50 50 1 1
3 250 300 50 50 1 1
3 250 200 50 50 1 1
3 250 50 50 50 1 1
3 700 50 50 50 1 1
3 700 250 50 50 1 1
1 200 900 50 50 1 1
1 0 750 50 50 1 1
1 0 500 50 50 1 1
1 250 400 50 50 1 1
2 800 650 50 50 1 1
2 850 650 50 50 1 1
2 900 650 50 50 1 1
2 950 650 50 50 1 1
2 1000 400 50 50 1 1
2 1050 400 50 50 1 1
2 1000 650 50 50 1 1
2 1050 650 50 50 1 1
2 800 700 50 50 1 1
2 800 750 50 50 1 1
2 800 800 50 50 1 1
2 850 800 50 50 1 1
2 900 800 50 50 1 1
2 1000 800 50 50 1 1
2 950 800 50 50 1 1
2 1050 800 50 50 1 1
2 1050 750 50 50 1 1
2 1050 700 50 50 1 1
2 1150 400 50 50 1 1
2 1100 400 50 50 1 1
2 1200 400 50 50 1 1
2 1250 400 50 50 1 1
2 1300 400 50 50 1 1
2 1350 400 50 50 1 1
2 1400 400 50 50 1 1
2 1450 400 50 50 1 1
2 1100 650 50 50 1 1
2 1200 650 50 50 1 1
2 1150 650 50 50 1 1
2 1250 650 50 50 1 1
2 1300 650 50 50 1 1
2 1350 650 50 50 1 1
2 1400 650 50 50 1 1
2 1450 650 50 50 1 1
5 450 300 50 50 10 1
5 550 300 50 50 10 1
11 450 0 50 50 100 1
11 550 0 50 50 100 1
CPlayer:
50 900 9999 9999 9999 9999 5
CEnemy:
350 100 50 50 0 5 10 1
350 200 50 50 0 5 10 1
350 250 50 50 0 5 10 1
400 100 50 50 0 5 10 1
400 150 50 50 0 5 10 1
400 200 50 50 0 5 10 1
400 250 50 50 0 5 10 1
350 150 50 50 0 5 10 1
450 150 50 50 0 5 10 1
450 200 50 50 0 5 10 1
450 100 50 50 0 5 10 1
500 100 50 50 0 5 10 1
500 150 50 50 0 5 10 1
500 200 50 50 0 5 10 1
450 250 50 50 0 5 10 1
550 250 50 50 0 5 10 1
550 150 50 50 0 5 10 1
550 200 50 50 0 5 10 1
500 250 50 50 0 5 10 1
550 100 50 50 0 5 10 1
600 100 50 50 0 5 10 1
600 150 50 50 0 5 10 1
600 200 50 50 0 5 10 1
600 250 50 50 0 5 10 1
350 50 50 50 5 2 5 3
400 50 100 100 20 10 5 2
500 50 100 100 20 5 5 5
750 350 50 50 0 5 10 1
800 350 50 50 0 5 10 1
850 350 50 50 0 5 10 1
900 350 50 50 0 5 10 1
900 300 50 50 0 5 10 1
850 300 50 50 0 5 10 1
800 300 50 50 0 5 10 1
750 300 50 50 0 5 10 1
750 250 50 50 0 5 10 1
800 250 50 50 0 5 10 1
850 250 50 50 0 5 10 1
900 250 50 50 0 5 10 1
900 200 50 50 0 5 10 1
850 200 50 50 0 5 10 1
750 200 50 50 0 5 10 1
800 200 50 50 0 5 10 1
850 700 50 50 0 5 10 1
850 750 50 50 0 5 10 1
900 700 50 50 0 5 10 1
900 750 50 50 0 5 10 1
950 700 50 50 0 5 10 1
950 750 50 50 0 5 10 1
1000 700 50 50 0 5 10 1
1000 750 50 50 0 5 10 1
