CObject:
2 650 800 50 50 2 1
2 650 850 50 50 2 1
2 600 900 50 50 2 1
2 600 950 50 50 2 1
3 650 750 50 50 2 1
3 650 700 50 50 2 1
2 850 800 50 50 2 1
2 850 850 50 50 2 1
3 650 650 50 50 2 1
2 900 900 50 50 2 1
2 900 950 50 50 2 1
3 850 650 50 50 2 1
3 850 700 50 50 2 1
3 850 750 50 50 2 1
3 900 650 50 50 2 1
3 900 700 50 50 2 1
3 900 750 50 50 2 1
3 600 650 50 50 2 1
3 600 700 50 50 2 1
3 600 750 50 50 2 1
3 600 800 50 50 2 1
3 550 850 50 50 2 1
3 600 850 50 50 2 1
3 550 900 50 50 2 1
3 550 950 50 50 2 1
3 900 800 50 50 2 1
3 900 850 50 50 2 1
3 950 850 50 50 2 1
3 950 900 50 50 2 1
3 950 950 50 50 2 1
3 650 600 50 50 2 1
3 600 600 50 50 2 1
3 550 800 50 50 2 1
3 500 850 50 50 2 1
3 500 900 50 50 2 1
3 450 950 50 50 2 1
3 500 950 50 50 2 1
3 950 800 50 50 2 1
3 1000 900 50 50 2 1
3 1050 900 50 50 2 1
3 1000 950 50 50 2 1
3 1050 950 50 50 2 1
3 1000 800 50 50 2 1
3 950 750 50 50 2 1
3 900 600 50 50 2 1
3 850 600 50 50 2 1
3 900 550 50 50 2 1
3 850 550 50 50 2 1
3 850 500 50 50 2 1
3 650 550 50 50 2 1
3 650 500 50 50 2 1
3 600 550 50 50 2 1
3 450 850 50 50 2 1
3 400 900 50 50 2 1
3 300 900 50 50 2 1
3 450 900 50 50 2 1
3 350 900 50 50 2 1
3 200 950 50 50 2 1
3 1150 950 50 50 2 1
3 1100 900 50 50 2 1
3 1100 850 50 50 2 1
3 1300 950 50 50 2 1
3 1200 900 50 50 2 1
3 600 500 50 50 2 1
3 550 450 50 50 2 1
3 500 500 50 50 2 1
3 450 450 50 50 2 1
3 500 450 50 50 2 1
3 400 950 50 50 2 1
3 300 950 50 50 2 1
3 250 950 50 50 2 1
3 150 900 50 50 2 1
3 50 950 50 50 2 1
3 150 950 50 50 2 1
3 400 850 50 50 2 1
3 200 850 50 50 2 1
3 100 850 50 50 2 1
3 50 850 50 50 2 1
3 50 900 50 50 2 1
3 250 900 50 50 2 1
3 350 850 50 50 2 1
3 100 900 50 50 2 1
3 0 900 50 50 2 1
3 0 850 50 50 2 1
3 150 850 50 50 2 1
3 200 900 50 50 2 1
3 400 400 50 50 2 1
3 400 450 50 50 2 1
3 250 450 50 50 2 1
3 450 500 50 50 2 1
3 400 500 50 50 2 1
3 300 450 50 50 2 1
3 200 450 50 50 2 1
3 100 450 50 50 2 1
3 0 450 50 50 2 1
3 50 500 50 50 2 1
3 50 450 50 50 2 1
3 200 500 50 50 2 1
3 250 500 50 50 2 1
3 100 500 50 50 2 1
3 800 500 50 50 2 1
3 900 500 50 50 2 1
3 1000 500 50 50 2 1
3 950 450 50 50 2 1
3 1100 450 50 50 2 1
3 1050 500 50 50 2 1
3 950 500 50 50 2 1
3 1150 450 50 50 2 1
3 1200 450 50 50 2 1
3 1100 500 50 50 2 1
3 1250 500 50 50 2 1
3 1350 500 50 50 2 1
3 1150 500 50 50 2 1
3 1300 500 50 50 2 1
3 1400 500 50 50 2 1
3 1050 450 50 50 2 1
3 1300 450 50 50 2 1
3 1350 450 50 50 2 1
3 1400 450 50 50 2 1
3 1450 450 50 50 2 1
3 1450 500 50 50 2 1
3 1050 850 50 50 2 1
3 1050 800 50 50 2 1
3 1150 850 50 50 2 1
3 1150 800 50 50 2 1
3 1300 850 50 50 2 1
3 1350 850 50 50 2 1
3 1400 800 50 50 2 1
3 1450 800 50 50 2 1
3 1300 800 50 50 2 1
3 1200 800 50 50 2 1
3 1100 800 50 50 2 1
3 1350 800 50 50 2 1
3 1400 900 50 50 2 1
3 1450 850 50 50 2 1
3 1450 900 50 50 2 1
3 1400 850 50 50 2 1
3 1450 950 50 50 2 1
3 1400 950 50 50 2 1
3 1350 950 50 50 2 1
3 1300 900 50 50 2 1
3 1200 950 50 50 2 1
3 1250 950 50 50 2 1
3 1250 850 50 50 2 1
3 1250 800 50 50 2 1
3 1250 900 50 50 2 1
3 1150 900 50 50 2 1
3 450 800 50 50 2 1
3 400 800 50 50 2 1
3 300 800 50 50 2 1
3 150 800 50 50 2 1
3 50 800 50 50 2 1
3 250 800 50 50 2 1
3 300 850 50 50 2 1
3 350 950 50 50 2 1
3 100 950 50 50 2 1
3 250 850 50 50 2 1
3 0 950 50 50 2 1
17 1000 850 50 50 2 1
17 1050 900 50 50 2 1
17 1100 950 50 50 2 1
17 1150 850 50 50 2 1
17 1300 900 50 50 2 1
17 1250 850 50 50 2 1
17 1200 850 50 50 2 1
17 1350 900 50 50 2 1
17 450 900 50 50 2 1
17 300 900 50 50 2 1
17 150 850 50 50 2 1
17 300 850 50 50 2 1
17 400 900 50 50 2 1
17 150 900 50 50 2 1
17 50 900 50 50 2 1
17 250 950 50 50 2 1
17 0 450 50 50 2 1
17 100 450 50 50 2 1
17 150 500 50 50 2 1
17 250 450 50 50 2 1
17 350 450 50 50 2 1
17 450 450 50 50 2 1
17 1100 500 50 50 2 1
17 1050 500 50 50 2 1
17 950 500 50 50 2 1
17 1100 450 50 50 2 1
17 1350 500 50 50 2 1
3 1200 500 50 50 2 1
3 550 500 50 50 2 1
3 350 500 50 50 2 1
3 300 500 50 50 2 1
3 0 500 50 50 2 1
3 0 550 50 50 2 1
3 50 550 50 50 2 1
3 100 550 50 50 2 1
3 150 550 50 50 2 1
3 200 550 50 50 2 1
3 250 550 50 50 2 1
3 300 550 50 50 2 1
3 350 550 50 50 2 1
3 400 550 50 50 2 1
3 450 550 50 50 2 1
3 500 550 50 50 2 1
3 550 550 50 50 2 1
3 1000 750 50 50 2 1
3 1050 750 50 50 2 1
3 1150 750 50 50 2 1
3 1200 750 50 50 2 1
3 1250 750 50 50 2 1
3 1300 750 50 50 2 1
3 1350 750 50 50 2 1
3 1400 750 50 50 2 1
3 1450 750 50 50 2 1
3 1100 750 50 50 2 1
3 950 550 50 50 2 1
3 1000 550 50 50 2 1
3 1050 550 50 50 2 1
3 1100 550 50 50 2 1
3 1150 550 50 50 2 1
3 1200 550 50 50 2 1
3 1250 550 50 50 2 1
3 1300 550 50 50 2 1
3 1350 550 50 50 2 1
3 1400 550 50 50 2 1
3 1450 550 50 50 2 1
3 0 800 50 50 2 1
3 100 800 50 50 2 1
3 200 800 50 50 2 1
3 350 800 50 50 2 1
3 500 800 50 50 2 1
5 1400 650 50 50 2 1
5 50 700 50 50 2 1
5 200 650 50 50 2 1
5 450 700 50 50 2 1
6 750 700 50 50 2 1
6 750 600 50 50 2 1
9 650 350 50 50 2 1
9 650 400 50 50 2 1
9 650 450 50 50 2 1
9 600 450 50 50 2 1
9 600 400 50 50 2 1
9 600 350 50 50 2 1
9 650 300 50 50 2 1
9 600 300 50 50 2 1
9 550 350 50 50 2 1
10 850 300 50 50 2 1
10 850 350 50 50 2 1
10 850 400 50 50 2 1
10 800 400 50 50 2 1
10 800 450 50 50 2 1
10 850 450 50 50 2 1
10 900 400 50 50 2 1
10 800 300 50 50 2 1
10 800 350 50 50 2 1
10 900 350 50 50 2 1
10 900 300 50 50 2 1
10 900 450 50 50 2 1
10 950 400 50 50 2 1
10 950 350 50 50 2 1
9 550 400 50 50 2 1
9 500 400 50 50 2 1
9 550 300 50 50 2 1
9 500 350 50 50 2 1
9 450 400 50 50 2 1
9 450 350 50 50 2 1
9 500 300 50 50 2 1
9 450 300 50 50 2 1
9 400 300 50 50 2 1
9 400 350 50 50 2 1
8 1350 650 50 50 2 1
8 150 700 50 50 2 1
8 300 650 50 50 2 1
8 1150 650 50 50 2 1
8 1000 650 50 50 2 1
2 0 400 50 50 2 1
2 50 400 50 50 2 1
2 50 350 50 50 2 1
2 100 350 50 50 2 1
2 150 350 50 50 2 1
2 200 300 50 50 2 1
2 250 300 50 50 2 1
2 300 300 50 50 2 1
2 350 250 50 50 2 1
2 400 250 50 50 2 1
2 450 200 50 50 2 1
2 900 200 50 50 2 1
2 950 200 50 50 2 1
2 1000 250 50 50 2 1
2 1050 250 50 50 2 1
2 1100 250 50 50 2 1
2 1050 300 50 50 2 1
2 1100 300 50 50 2 1
2 1150 300 50 50 2 1
2 1200 300 50 50 2 1
2 1250 350 50 50 2 1
2 1300 350 50 50 2 1
2 1350 350 50 50 2 1
2 1400 350 50 50 2 1
2 1450 350 50 50 2 1
2 1450 400 50 50 2 1
2 1200 350 50 50 2 1
2 1350 400 50 50 2 1
2 1400 400 50 50 2 1
2 1000 200 50 50 2 1
2 600 200 50 50 2 1
2 500 200 50 50 2 1
2 550 200 50 50 2 1
2 500 250 50 50 2 1
2 450 250 50 50 2 1
2 350 300 50 50 2 1
2 250 350 50 50 2 1
2 200 350 50 50 2 1
2 100 400 50 50 2 1
2 150 400 50 50 2 1
2 300 250 50 50 2 1
2 400 200 50 50 2 1
2 550 250 50 50 2 1
2 900 150 50 50 2 1
2 1300 400 50 50 2 1
2 1100 350 50 50 2 1
2 1050 200 50 50 2 1
2 1000 150 50 50 2 1
2 1200 250 50 50 2 1
2 1250 300 50 50 2 1
2 1150 350 50 50 2 1
2 1250 400 50 50 2 1
2 1150 250 50 50 2 1
2 1100 200 50 50 2 1
2 950 150 50 50 2 1
2 1300 300 50 50 2 1
2 1350 300 50 50 2 1
2 1400 300 50 50 2 1
2 550 150 50 50 2 1
2 500 150 50 50 2 1
2 250 250 50 50 2 1
2 150 300 50 50 2 1
2 100 300 50 50 2 1
2 600 100 50 50 2 1
2 600 50 50 50 2 1
2 600 0 50 50 2 1
2 900 0 50 50 2 1
2 900 50 50 50 2 1
2 900 100 50 50 2 1
2 600 150 50 50 2 1
3 600 250 50 50 2 1
3 650 250 50 50 2 1
3 700 250 50 50 2 1
3 750 250 50 50 2 1
3 800 250 50 50 2 1
3 850 250 50 50 2 1
3 900 250 50 50 2 1
3 950 250 50 50 2 1
17 950 0 50 50 2 1
17 950 50 50 50 2 1
17 950 100 50 50 2 1
17 1000 100 50 50 2 1
17 1000 50 50 50 2 1
17 1050 100 50 50 2 1
17 1100 150 50 50 2 1
17 1150 150 50 50 2 1
17 1050 150 50 50 2 1
17 1200 200 50 50 2 1
17 1150 200 50 50 2 1
17 450 0 50 50 2 1
17 500 50 50 50 2 1
17 550 50 50 50 2 1
17 550 0 50 50 2 1
17 550 100 50 50 2 1
17 500 100 50 50 2 1
17 350 100 50 50 2 1
17 450 150 50 50 2 1
17 450 100 50 50 2 1
17 400 150 50 50 2 1
17 300 150 50 50 2 1
17 300 200 50 50 2 1
17 350 200 50 50 2 1
17 200 200 50 50 2 1
17 150 250 50 50 2 1
17 100 250 50 50 2 1
17 0 300 50 50 2 1
17 0 350 50 50 2 1
17 50 300 50 50 2 1
17 50 250 50 50 2 1
17 200 250 50 50 2 1
17 250 200 50 50 2 1
17 250 150 50 50 2 1
17 400 100 50 50 2 1
17 450 50 50 50 2 1
17 350 150 50 50 2 1
17 1050 50 50 50 2 1
17 1150 100 50 50 2 1
17 1250 200 50 50 2 1
17 1300 250 50 50 2 1
17 1350 250 50 50 2 1
17 1450 300 50 50 2 1
17 1400 300 50 50 2 1
17 1200 250 50 50 2 1
10 950 300 50 50 2 1
10 1000 350 50 50 2 1
10 1000 400 50 50 2 1
CPlayer:
750 850 291 79 1 0 5
CEnemy:
50 650 50 50 0 5 10 0
150 650 50 50 0 5 10 0
250 650 50 50 0 5 10 0
100 700 50 50 0 5 10 0
100 650 50 50 0 5 10 0
400 650 50 50 0 5 10 0
400 700 50 50 0 5 10 0
450 650 50 50 0 5 10 0
300 650 50 50 0 5 10 0
250 700 50 50 0 5 10 0
350 700 50 50 0 5 10 0
500 700 50 50 0 5 10 0
300 700 50 50 0 5 10 0
50 600 50 50 0 5 10 0
1300 650 50 50 0 5 10 0
1100 650 50 50 0 5 10 0
1050 700 50 50 0 5 10 0
1050 650 50 50 0 5 10 0
1050 600 50 50 0 5 10 0
1250 650 50 50 0 5 10 0
1250 700 50 50 0 5 10 0
1450 600 50 50 0 5 10 0
1300 600 50 50 0 5 10 0
1150 650 50 50 0 5 10 0
1000 650 50 50 0 5 10 0
950 600 50 50 0 5 10 0
1000 700 50 50 0 5 10 0
1350 700 50 50 0 5 10 0
1200 650 50 50 0 5 10 0
1200 600 50 50 0 5 10 0
700 50 50 50 0 5 10 0
800 50 50 50 0 5 10 0
700 150 50 50 0 5 10 0
800 150 50 50 0 5 10 0
750 100 50 50 0 5 10 0
700 100 50 50 0 5 10 0
800 100 50 50 0 5 10 0
750 150 50 50 0 5 10 0
750 50 50 50 0 5 10 0
650 200 50 50 0 5 10 0
700 200 50 50 0 5 10 0
750 200 50 50 0 5 10 0
800 200 50 50 0 5 10 0
850 200 50 50 0 5 10 0
850 150 50 50 0 5 10 0
650 150 50 50 0 5 10 0
650 100 50 50 0 5 10 0
850 50 50 50 0 5 10 0
850 100 50 50 0 5 10 0
850 0 50 50 0 5 10 0
650 50 50 50 0 5 10 0
650 0 50 50 0 5 10 0
700 0 50 50 0 5 10 0
750 0 50 50 0 5 10 0
800 0 50 50 0 5 10 0
